#unpaired probabilities
 #i$	l=1	2	3	4	5	6	7	8	9	10	11	12	13	14	15	16	17	18	19	20	21	22	23	24	25	26	27	28	29	30	
1	0.3320283	NA	NA	NA	NA	NA	NA	NA	NA	NA	NA	NA	NA	NA	NA	NA	NA	NA	NA	NA	NA	NA	NA	NA	NA	NA	NA	NA	NA	NA
2	0.03760596	0.03597318	NA	NA	NA	NA	NA	NA	NA	NA	NA	NA	NA	NA	NA	NA	NA	NA	NA	NA	NA	NA	NA	NA	NA	NA	NA	NA	NA	NA
3	0.0005482344	0.0002087948	0.000204972	NA	NA	NA	NA	NA	NA	NA	NA	NA	NA	NA	NA	NA	NA	NA	NA	NA	NA	NA	NA	NA	NA	NA	NA	NA	NA	NA
4	7.526988e-05	4.257012e-05	3.524089e-05	3.484193e-05	NA	NA	NA	NA	NA	NA	NA	NA	NA	NA	NA	NA	NA	NA	NA	NA	NA	NA	NA	NA	NA	NA	NA	NA	NA	NA
5	0.002962151	4.335802e-05	3.443844e-05	2.871919e-05	2.846056e-05	NA	NA	NA	NA	NA	NA	NA	NA	NA	NA	NA	NA	NA	NA	NA	NA	NA	NA	NA	NA	NA	NA	NA	NA	NA
6	0.002029756	0.00177702	2.951073e-05	2.324622e-05	1.983006e-05	1.966662e-05	NA	NA	NA	NA	NA	NA	NA	NA	NA	NA	NA	NA	NA	NA	NA	NA	NA	NA	NA	NA	NA	NA	NA	NA
7	0.01608882	0.001941606	0.001752805	2.796131e-05	2.201757e-05	1.88109e-05	1.865873e-05	NA	NA	NA	NA	NA	NA	NA	NA	NA	NA	NA	NA	NA	NA	NA	NA	NA	NA	NA	NA	NA	NA	NA
8	0.1628303	0.0116295	0.001467406	0.001336997	2.590862e-05	2.106562e-05	1.809333e-05	1.794987e-05	NA	NA	NA	NA	NA	NA	NA	NA	NA	NA	NA	NA	NA	NA	NA	NA	NA	NA	NA	NA	NA	NA
9	0.9788928	0.1619349	0.01151213	0.001462592	0.001334612	2.540313e-05	2.096634e-05	1.805655e-05	1.791662e-05	NA	NA	NA	NA	NA	NA	NA	NA	NA	NA	NA	NA	NA	NA	NA	NA	NA	NA	NA	NA	NA
10	0.977775	0.9699007	0.1587165	0.01083486	0.001449564	0.001329369	2.293616e-05	2.05778e-05	1.788205e-05	1.774645e-05	NA	NA	NA	NA	NA	NA	NA	NA	NA	NA	NA	NA	NA	NA	NA	NA	NA	NA	NA	NA
11	0.5095805	0.5053287	0.4979919	0.106804	0.008275191	0.001423559	0.001325985	2.127998e-05	1.91504e-05	1.770725e-05	1.761553e-05	NA	NA	NA	NA	NA	NA	NA	NA	NA	NA	NA	NA	NA	NA	NA	NA	NA	NA	NA
12	0.9821087	0.5052617	0.5011598	0.4940611	0.1057963	0.008182444	0.001416167	0.001325481	2.113526e-05	1.902255e-05	1.758631e-05	1.74962e-05	NA	NA	NA	NA	NA	NA	NA	NA	NA	NA	NA	NA	NA	NA	NA	NA	NA	NA
13	0.9174651	0.9021639	0.4253892	0.421331	0.4197784	0.09047614	0.007598275	0.001410841	0.00132485	2.088127e-05	1.87721e-05	1.733692e-05	1.724693e-05	NA	NA	NA	NA	NA	NA	NA	NA	NA	NA	NA	NA	NA	NA	NA	NA	NA
14	0.3679897	0.3654528	0.3506475	0.2426791	0.2399406	0.2387457	0.05499752	0.005603106	0.00138167	0.00130983	7.222236e-06	5.251423e-06	3.887384e-06	3.86863e-06	NA	NA	NA	NA	NA	NA	NA	NA	NA	NA	NA	NA	NA	NA	NA	NA
15	0.4704593	0.3587017	0.3572172	0.3445389	0.238127	0.2357876	0.2347464	0.05328145	0.005468999	0.001378092	0.001308107	6.542036e-06	4.576346e-06	3.216365e-06	3.197913e-06	NA	NA	NA	NA	NA	NA	NA	NA	NA	NA	NA	NA	NA	NA	NA
16	0.7139794	0.1911081	0.1708348	0.1700217	0.1605517	0.1314835	0.1300109	0.1294515	0.02789124	0.002861006	8.434888e-05	2.844963e-05	5.983882e-06	4.051306e-06	2.705976e-06	2.68872e-06	NA	NA	NA	NA	NA	NA	NA	NA	NA	NA	NA	NA	NA	NA
17	0.6578281	0.6417866	0.1499192	0.1343303	0.1339779	0.1246782	0.1045721	0.103259	0.1029549	0.01798725	0.001615456	4.778042e-05	1.366578e-05	3.944247e-06	3.695197e-06	2.44187e-06	2.425865e-06	NA	NA	NA	NA	NA	NA	NA	NA	NA	NA	NA	NA	NA
18	0.8956669	0.6075458	0.5955857	0.1436502	0.1288942	0.1285557	0.1192691	0.1002817	0.09898564	0.09870368	0.01652429	0.001432893	4.145372e-05	1.039385e-05	2.498787e-06	2.456751e-06	2.399637e-06	2.38495e-06	NA	NA	NA	NA	NA	NA	NA	NA	NA	NA	NA	NA
19	0.2347987	0.1342154	0.1166064	0.1108535	0.1024028	0.09529704	0.0951455	0.08607453	0.07738074	0.07620132	0.0759831	0.01117412	0.00107106	2.328569e-05	9.126631e-06	2.364486e-06	2.327627e-06	2.281414e-06	2.270878e-06	NA	NA	NA	NA	NA	NA	NA	NA	NA	NA	NA
20	0.04803847	0.04523004	0.03209524	0.01711965	0.01258713	0.01143682	0.009540386	0.009455775	0.007433972	0.005633146	0.005599551	0.005438694	0.00217574	0.0002987741	7.396472e-06	3.150059e-06	1.184657e-06	1.163363e-06	1.135404e-06	1.125567e-06	NA	NA	NA	NA	NA	NA	NA	NA	NA	NA
21	0.0294583	0.02597862	0.02341516	0.01355004	0.0125321	0.009772027	0.009249454	0.008332613	0.008257931	0.006338945	0.004800455	0.004771996	0.004738805	0.002018951	0.0002891972	6.80611e-06	2.993125e-06	1.155561e-06	1.13477e-06	1.108711e-06	1.098889e-06	NA	NA	NA	NA	NA	NA	NA	NA	NA
22	0.1069349	0.0277095	0.02489532	0.02236935	0.01256719	0.01197069	0.009486118	0.009129823	0.008240343	0.008166251	0.006247556	0.004722427	0.004694218	0.004661515	0.001988137	0.0002824566	6.571181e-06	2.947519e-06	1.133524e-06	1.113758e-06	1.095017e-06	1.09361e-06	NA	NA	NA	NA	NA	NA	NA	NA
23	0.4339316	0.01288514	0.008711632	0.007519451	0.00657719	0.00642157	0.006073029	0.003695694	0.003517358	0.003248638	0.003206235	0.001624814	0.001264472	0.001258298	0.001240784	0.0005766824	0.0001000874	2.429028e-06	1.240003e-06	7.521004e-07	7.419143e-07	7.296584e-07	7.2893e-07	NA	NA	NA	NA	NA	NA	NA
24	0.4187061	0.3468035	0.01189335	0.008320989	0.007226459	0.006315892	0.006184904	0.005900069	0.003541701	0.003370272	0.003120553	0.003078425	0.001504043	0.001156222	0.001151051	0.00113491	0.0005096701	8.220951e-05	2.227249e-06	1.198261e-06	7.47456e-07	7.374986e-07	7.253784e-07	7.246642e-07	NA	NA	NA	NA	NA	NA
25	0.3953232	0.3035436	0.2565519	0.009292335	0.006923599	0.006215451	0.00532431	0.005237	0.005001474	0.002661026	0.002535341	0.00238087	0.00234009	0.0007672602	0.000560808	0.0005575687	0.0005448085	0.0002748325	4.947722e-05	1.407193e-06	8.865881e-07	7.342643e-07	7.282985e-07	7.19545e-07	7.188683e-07	NA	NA	NA	NA	NA
26	0.7785813	0.3698161	0.2854338	0.2425296	0.008386623	0.006148662	0.005659704	0.004771137	0.004689489	0.004460976	0.002528584	0.002408858	0.00226821	0.002227544	0.0006549048	0.0004686665	0.0004657145	0.0004534138	0.0002406093	4.453054e-05	1.284727e-06	8.387256e-07	7.293296e-07	7.244633e-07	7.182167e-07	7.178938e-07	NA	NA	NA	NA
27	0.8750384	0.7558611	0.3497259	0.267368	0.2385448	0.008238867	0.0060781	0.005623256	0.004735836	0.004655588	0.004427939	0.002497335	0.002380818	0.002242653	0.002205759	0.0006333017	0.0004495532	0.0004466412	0.000434394	0.0002327784	4.334882e-05	1.259616e-06	8.33014e-07	7.286512e-07	7.238289e-07	7.176374e-07	7.173271e-07	NA	NA	NA
28	0.948596	0.8550476	0.7369106	0.331608	0.2494966	0.2214199	0.008186334	0.006052575	0.00560056	0.004713772	0.004634828	0.004416547	0.002486329	0.002370808	0.002233346	0.002196462	0.0006247454	0.000441817	0.0004390439	0.0004298003	0.0002308794	4.308347e-05	1.253569e-06	8.30977e-07	7.282004e-07	7.233892e-07	7.172044e-07	7.168947e-07	NA	NA
29	0.8506348	0.8381888	0.7462988	0.7227649	0.3189554	0.2380314	0.2112474	0.007879154	0.005905138	0.00551502	0.004631815	0.004556662	0.004340276	0.002411826	0.00230455	0.002173128	0.002139793	0.00056815	0.0003903581	0.0003876616	0.0003785328	0.0002097114	3.995033e-05	1.183358e-06	8.161611e-07	7.256926e-07	7.209466e-07	7.148771e-07	7.145953e-07	NA
30	0.8692279	0.8412524	0.8288558	0.7378534	0.7170663	0.3158528	0.2350005	0.2084074	0.007824687	0.005864792	0.005477723	0.004595939	0.004521495	0.004324112	0.002395868	0.002289471	0.002159256	0.002125936	0.0005548106	0.0003780897	0.0003755487	0.0003689212	0.0002056974	3.936806e-05	1.169708e-06	8.125284e-07	7.245891e-07	7.198525e-07	7.137927e-07	7.135114e-07
31	0.7870731	0.7785402	0.7685994	0.759428	0.6692961	0.6511763	0.2525739	0.1759017	0.1503017	0.007588302	0.005758642	0.005391686	0.004521918	0.004454489	0.004258796	0.002332893	0.002236183	0.002111004	0.002080244	0.0005091804	0.0003367824	0.0003343044	0.0003277788	0.0001879666	3.648661e-05	1.103582e-06	7.925685e-07	7.151156e-07	7.104339e-07	7.044657e-07
32	0.5086273	0.3853808	0.377027	0.3686079	0.3597015	0.2715675	0.2536729	0.2370159	0.1607289	0.1353097	0.007382923	0.005603629	0.00524634	0.004384301	0.004319542	0.004237264	0.002311676	0.00221594	0.002093144	0.002062403	0.0004916315	0.0003202715	0.0003181527	0.0003132644	0.0001793573	3.428369e-05	1.072606e-06	7.825299e-07	7.091229e-07	7.044536e-07
33	0.4043831	0.4007661	0.3009113	0.293818	0.2866121	0.2783066	0.1907322	0.1743242	0.1589606	0.1466677	0.12304	0.006976291	0.005449441	0.005110332	0.004250985	0.004190112	0.004112297	0.002197685	0.002133655	0.002020169	0.001991343	0.0004206985	0.0002624426	0.0002605035	0.0002559166	0.0001554288	3.061803e-05	9.869178e-07	7.506659e-07	7.054692e-07
34	0.4067292	0.3890598	0.3858782	0.2928798	0.2861749	0.2791597	0.2708663	0.1835446	0.1672774	0.1522544	0.1400887	0.1192023	0.005069604	0.003557639	0.003247584	0.002397907	0.002337683	0.002260491	0.00217303	0.002109582	0.001997727	0.001968916	0.0003982949	0.0002418883	0.0002399759	0.0002354305	0.0001512245	3.00322e-05	9.631152e-07	7.345093e-07
35	0.6626532	0.3148835	0.2986029	0.2966035	0.2054341	0.1998357	0.1932265	0.1924925	0.1075783	0.09148752	0.08203151	0.08062325	0.06021881	0.004219679	0.003393702	0.003129744	0.002283134	0.002233879	0.002157819	0.002077885	0.002025039	0.001922413	0.0019213	0.0003508428	0.0001973807	0.0001955363	0.0001910575	0.0001176834	1.967865e-05	8.60985e-07
36	0.6258273	0.5845601	0.3019956	0.2858985	0.2839712	0.1930623	0.1875296	0.1810095	0.1802871	0.09578564	0.07977876	0.07129082	0.06998113	0.05091018	0.003244104	0.002481595	0.002299245	0.002174127	0.002128019	0.002052222	0.002030598	0.001978344	0.001881417	0.001880368	0.0003101322	0.0001587061	0.0001569073	0.0001524586	0.000112303	1.757855e-05
37	0.8488625	0.5278867	0.4975275	0.2161338	0.2009704	0.1990569	0.1086227	0.103115	0.09689565	0.09617824	0.0931372	0.0772552	0.06933772	0.06808397	0.04903531	0.001550921	0.000815639	0.0006426925	0.0005408061	0.000495617	0.0004204391	0.0003996531	0.0003475745	0.0002607427	0.0002597193	0.0002580494	0.0001066873	0.0001050675	0.0001006748	6.135996e-05
38	0.6949427	0.6496498	0.4336339	0.4189198	0.1902903	0.1776652	0.1758289	0.08767544	0.08239447	0.07648514	0.07580685	0.07340978	0.06376043	0.05722618	0.05613203	0.04296535	0.001090139	0.0004855579	0.0003499305	0.0002957573	0.0002810635	0.000206844	0.0001907356	0.0001412554	7.422076e-05	7.332843e-05	7.202343e-05	6.951759e-05	6.875219e-05	6.466642e-05
39	0.8260872	0.6932176	0.6479617	0.432067	0.417718	0.1891568	0.1770775	0.1752415	0.08741786	0.08213777	0.0763145	0.07563641	0.07331877	0.06367146	0.05716818	0.05607487	0.0429387	0.001087574	0.0004836489	0.0003482328	0.000294199	0.0002795305	0.0002056214	0.0001895431	0.0001400759	7.316212e-05	7.227051e-05	7.120311e-05	6.879241e-05	6.867097e-05
40	0.7777074	0.6740918	0.5636734	0.5190779	0.3101596	0.2968287	0.07275748	0.07161323	0.06985469	0.06725912	0.06216877	0.06027199	0.05963014	0.05789254	0.04877236	0.0444901	0.0435659	0.04189404	0.0007390086	0.0002887345	0.0002018628	0.0001752438	0.0001666718	0.0001569868	0.0001489326	0.0001004172	6.672575e-05	6.600853e-05	6.567688e-05	6.375806e-05
41	0.760518	0.7560997	0.6633598	0.5577393	0.513632	0.3054367	0.2921868	0.06884952	0.06772231	0.0672508	0.06467947	0.0610767	0.05918672	0.05883939	0.05714767	0.0480595	0.04393786	0.04305263	0.04168156	0.0006961828	0.0002584483	0.0001754128	0.0001508852	0.0001427004	0.0001348277	0.000127549	9.753642e-05	6.588706e-05	6.558165e-05	6.527386e-05
42	0.7863464	0.756888	0.753051	0.661291	0.5561247	0.5120622	0.3040869	0.2912249	0.06802749	0.06708551	0.06661616	0.06425329	0.06066617	0.05899567	0.05865087	0.05699564	0.04791573	0.04384702	0.04296537	0.04164451	0.0006794081	0.0002445276	0.0001664339	0.0001423889	0.0001346663	0.0001306495	0.0001235069	9.426402e-05	6.306849e-05	6.277004e-05
43	0.899861	0.7385398	0.7098461	0.7060579	0.616258	0.5558043	0.5117529	0.3038077	0.2909478	0.06783713	0.06689902	0.06643144	0.06408079	0.06050621	0.05883765	0.05849384	0.05684077	0.04776172	0.0436981	0.0428327	0.04163353	0.0006705348	0.0002413938	0.000165493	0.0001415256	0.000133845	0.0001298418	0.0001231847	9.402597e-05	6.289682e-05
44	0.8778245	0.7872598	0.6654045	0.6401599	0.6367887	0.5580406	0.545129	0.5011946	0.2953513	0.2825214	0.06084359	0.05997271	0.05973979	0.05777562	0.05755004	0.05601679	0.05589628	0.05436176	0.04538126	0.04173128	0.04143088	0.04127375	0.0003733878	0.0001573897	0.0001149687	9.807396e-05	9.22292e-05	9.168422e-05	8.692498e-05	8.602673e-05
45	0.4834568	0.4391807	0.4258	0.4038058	0.3897995	0.3884301	0.3251912	0.3149236	0.2710699	0.2574195	0.2448193	0.04847772	0.04769256	0.04748552	0.04623948	0.04613808	0.04468336	0.04458598	0.0433513	0.04327144	0.04039034	0.04020023	0.04009967	0.0001689838	8.376918e-05	7.295926e-05	6.665792e-05	6.582143e-05	6.561833e-05	6.482996e-05
46	0.5198563	0.4761193	0.4319926	0.4188209	0.3987987	0.3873636	0.3860695	0.3232518	0.3130278	0.2691761	0.2555599	0.2430479	0.04709243	0.04634948	0.04614307	0.04494387	0.04484339	0.04454991	0.04445463	0.04323756	0.04315821	0.04030587	0.04012305	0.04002338	0.0001681055	8.335031e-05	7.268136e-05	6.642214e-05	6.559533e-05	6.540146e-05
47	0.161386	0.1075836	0.09568332	0.07738705	0.07510188	0.07128825	0.06888347	0.0686592	0.05681676	0.05487144	0.05481194	0.0507722	0.04228287	0.004491915	0.004356768	0.004317911	0.004115998	0.004099318	0.004042389	0.004038486	0.003928299	0.00391528	0.003520623	0.003495497	0.003476334	2.624436e-05	1.654781e-05	1.533343e-05	1.259308e-05	1.244471e-05
48	0.01192	0.01102521	0.003875711	0.003136115	0.002015585	0.001967564	0.001946429	0.001647631	0.001615252	0.001564488	0.00154612	0.001545536	0.001380403	0.001370761	0.0002898897	0.0002834392	0.0002825546	0.0002731266	0.0002720521	0.000267197	0.000264359	0.000260897	0.0002589593	0.0002501865	0.0002415157	0.0002403919	3.23522e-07	1.187189e-07	7.829551e-08	6.153805e-08
49	0.0123117	0.001761835	0.001279437	0.0007405184	0.0006815084	0.0006625338	0.0006576128	0.0006466686	0.000355798	0.0003245977	0.0003027013	0.0002909998	0.0002905565	0.0002895339	0.0002814931	0.0002714986	0.0002654828	0.0002646892	0.0002561298	0.0002551222	0.0002504287	0.0002476036	0.0002444758	0.0002442952	0.0002366044	0.0002280316	0.000227038	2.446425e-07	6.933711e-08	3.627124e-08
50	0.04922103	0.01004443	0.001067452	0.0008900348	0.0007000664	0.0006540502	0.000646004	0.0006432121	0.0006323855	0.0003443392	0.0003131568	0.0002916517	0.0002800254	0.0002795843	0.0002786281	0.0002709103	0.0002615462	0.0002602028	0.0002594102	0.0002549176	0.0002539113	0.0002503739	0.0002475498	0.0002444324	0.0002442535	0.0002365845	0.0002280151	0.0002270352	2.431836e-07	6.859099e-08
51	0.894929	0.0469635	0.009794561	0.001021596	0.0008577796	0.0006873787	0.0006453802	0.0006380512	0.00063535	0.0006306006	0.0003425685	0.0003114382	0.0002901035	0.0002785124	0.0002784131	0.0002774696	0.0002697559	0.0002605698	0.0002592271	0.0002589944	0.0002545032	0.0002537976	0.0002502605	0.0002475216	0.0002444053	0.0002442266	0.0002365607	0.0002279921	0.0002270139	2.429446e-07
52	0.91002	0.8942314	0.04684786	0.009771485	0.001014854	0.0008557683	0.0006864904	0.0006445707	0.0006373414	0.0006346614	0.0006299234	0.000342028	0.0003108983	0.0002896054	0.0002780212	0.000277922	0.0002769845	0.0002693259	0.0002602287	0.0002590977	0.0002588651	0.0002544469	0.0002537414	0.0002502431	0.0002475043	0.0002443996	0.000244221	0.0002365598	0.0002279916	0.0002270135
53	0.9793487	0.8960958	0.8845966	0.0373561	0.009729493	0.001002447	0.0008521794	0.0006841934	0.0006425463	0.0006354833	0.0006328632	0.0006281587	0.0003406088	0.0003094872	0.0002883944	0.0002768506	0.0002767521	0.0002758698	0.0002683113	0.0002592774	0.000258434	0.000258202	0.0002542877	0.0002535861	0.0002501468	0.0002474085	0.0002443736	0.0002441966	0.00023655	0.0002279827
54	0.9685464	0.9669302	0.8863253	0.8751176	0.02792437	0.001891028	0.0009720675	0.0008229702	0.0006553716	0.0006416164	0.000634569	0.0006319614	0.0006272971	0.0003398178	0.000308705	0.00028785	0.0002767028	0.000276605	0.0002757703	0.0002682126	0.0002592148	0.0002583729	0.0002581415	0.0002542316	0.0002535321	0.0002500935	0.0002473555	0.0002443235	0.0002441479	0.0002365095
55	0.9609473	0.9469131	0.9459998	0.8816858	0.8739181	0.02690772	0.001444777	0.0006597018	0.0005232157	0.0003611738	0.0003477619	0.0003415724	0.0003390286	0.0003344357	0.0003325417	0.0003014324	0.0002806266	0.000269498	0.0002694017	0.0002685722	0.0002610272	0.0002520329	0.0002518223	0.0002515911	0.0002505614	0.0002498623	0.0002495701	0.0002468322	0.0002438522	0.0002436767
56	0.9589065	0.9563023	0.9426979	0.9418624	0.8810072	0.8734624	0.02677007	0.00138771	0.0006251324	0.0004902944	0.0003297062	0.0003164156	0.0003103461	0.0003078217	0.0003034276	0.0003015505	0.0002998356	0.0002794203	0.0002683304	0.0002682807	0.000267469	0.0002599278	0.0002512276	0.0002510183	0.0002508732	0.0002498464	0.0002494288	0.000249137	0.0002467628	0.0002437837
57	0.1294077	0.1051675	0.103789	0.09038936	0.08976825	0.03522671	0.02821873	0.0262643	0.0009829653	0.0005101111	0.00038488	0.0003010667	0.0002902189	0.000286362	0.0002845232	0.000280415	0.0002785643	0.0002783687	0.000268244	0.0002572041	0.0002571761	0.0002563728	0.0002488344	0.0002402735	0.000240065	0.000240051	0.000239025	0.0002389511	0.0002386594	0.0002386519
58	0.1204847	0.1030438	0.08034991	0.07906014	0.06596052	0.06534631	0.01118575	0.004256684	0.002305773	0.0009708215	0.0005066699	0.0003820372	0.0002991391	0.0002890841	0.0002852706	0.0002834468	0.0002793429	0.0002774952	0.0002772999	0.0002671908	0.0002569549	0.000256927	0.0002561258	0.0002485874	0.0002400292	0.0002398212	0.0002398072	0.0002387837	0.0002387101	0.0002384187
59	0.1293312	0.1194541	0.1021731	0.07978498	0.0785188	0.06544063	0.06483779	0.01096957	0.00415933	0.002215295	0.000931614	0.0004937518	0.0003700103	0.0002878175	0.0002788916	0.0002752969	0.000273483	0.0002693902	0.000267555	0.0002673611	0.0002573002	0.0002564954	0.0002564678	0.0002556762	0.000248138	0.0002395851	0.0002393777	0.0002393639	0.000238341	0.0002382687
60	0.3838132	0.1271968	0.1173629	0.1003326	0.07832291	0.07708625	0.06400916	0.06342225	0.0108032	0.004109319	0.002184893	0.0009188885	0.0004902232	0.0003672163	0.0002854654	0.0002766155	0.0002731562	0.0002713489	0.0002673284	0.0002655184	0.0002653259	0.0002552772	0.0002545106	0.0002544851	0.0002536942	0.0002461665	0.0002376139	0.0002374102	0.0002373965	0.0002363877
61	0.9919749	0.3804179	0.1261277	0.116347	0.09992511	0.07813441	0.07690188	0.06383333	0.06324802	0.01073947	0.00409471	0.002174968	0.0009134489	0.0004875309	0.0003652836	0.0002837754	0.0002749839	0.0002715484	0.000269751	0.0002657641	0.0002641863	0.0002640052	0.0002540965	0.0002533649	0.0002533402	0.000252606	0.0002451133	0.0002365873	0.0002363873	0.000236374
62	0.9726238	0.9676653	0.3681665	0.1168756	0.1075906	0.09942187	0.07791049	0.07668269	0.06363556	0.06305149	0.01060455	0.004059291	0.002147799	0.000893552	0.0004741222	0.0003532129	0.0002722317	0.0002636893	0.0002603639	0.0002585972	0.0002546706	0.0002536325	0.0002534789	0.0002439113	0.0002432477	0.0002432242	0.000242594	0.0002425844	0.0002341203	0.0002339321
63	0.08666492	0.08570845	0.08528769	0.0139248	0.008949351	0.008509599	0.00830557	0.007772378	0.007451111	0.001913937	0.001897815	0.0007775875	0.0005523838	0.0005120138	1.332954e-05	7.512062e-06	5.962195e-06	3.538595e-06	3.10115e-06	3.063733e-06	2.585848e-06	2.548175e-06	2.507265e-06	2.501512e-06	2.161484e-06	2.136991e-06	2.134199e-06	2.114811e-06	2.114363e-06	2.074928e-06
64	0.05100796	0.0219206	0.02113796	0.02102722	0.01091655	0.008235682	0.00785571	0.007772781	0.007278508	0.007259767	0.001723903	0.001712849	0.0006721765	0.0004969156	0.0004837752	7.399604e-06	3.62368e-06	2.786477e-06	2.545714e-06	2.191532e-06	2.165057e-06	1.691429e-06	1.673906e-06	1.637614e-06	1.63298e-06	1.55923e-06	1.540423e-06	1.539235e-06	1.521157e-06	1.520728e-06
65	0.05974436	0.03880731	0.01977192	0.01902137	0.01893286	0.01040805	0.008189916	0.007814925	0.007741674	0.007250984	0.007232664	0.001697661	0.001686691	0.0006511289	0.0004921768	0.0004801733	6.325311e-06	2.943601e-06	2.227916e-06	2.055098e-06	2.002766e-06	1.97962e-06	1.507901e-06	1.493093e-06	1.474219e-06	1.471976e-06	1.429723e-06	1.422334e-06	1.421174e-06	1.410861e-06
66	0.02943273	0.01940009	0.009101824	0.006150876	0.005541188	0.005504924	0.003190893	0.002188763	0.002175205	0.002149851	0.001686307	0.001668823	0.001662939	0.001652048	0.0006235381	0.0004880315	0.0004769291	3.91698e-06	6.978595e-07	4.669341e-07	4.040471e-07	3.658777e-07	3.589919e-07	3.476518e-07	3.358278e-07	3.310095e-07	3.298395e-07	3.143845e-07	3.111982e-07	3.101057e-07
67	0.8485692	0.01837241	0.008487181	0.0058478	0.004470915	0.004379563	0.004367725	0.002207804	0.001242426	0.001231472	0.001207539	0.0007441574	0.0007281884	0.0007223331	0.0007210288	0.0006224617	0.0004872532	0.000476483	3.509524e-06	5.983508e-07	3.750821e-07	3.197797e-07	2.821577e-07	2.760288e-07	2.647871e-07	2.602763e-07	2.556294e-07	2.546279e-07	2.399968e-07	2.369444e-07
68	0.6674056	0.6341096	0.01585282	0.006986031	0.00518538	0.0038677	0.003786804	0.003775562	0.00164441	0.0006878558	0.000677194	0.0006541285	0.0006489937	0.0006330354	0.0006271941	0.0006258917	0.0005276165	0.0004871966	0.0004764374	3.481127e-06	5.785706e-07	3.596897e-07	3.057904e-07	2.683722e-07	2.623002e-07	2.510839e-07	2.467344e-07	2.426946e-07	2.417212e-07	2.27374e-07
69	0.1802715	0.1670123	0.136988	0.008195733	0.006017317	0.00451802	0.003394708	0.003359588	0.003352769	0.001456492	0.0005500924	0.0005406425	0.0005202656	0.0005162333	0.0005155164	0.0005097935	0.0005097161	0.0005062046	0.0004770202	0.0004761498	3.413945e-06	5.344608e-07	3.338533e-07	2.853944e-07	2.508308e-07	2.457275e-07	2.353632e-07	2.317919e-07	2.294238e-07	2.285151e-07
70	0.3547227	0.0932319	0.08153095	0.06722171	0.007003669	0.005400902	0.004320381	0.003251563	0.003216852	0.00321036	0.001405656	0.0005263449	0.0005179903	0.0004988432	0.0004952597	0.0004945781	0.0004930054	0.0004929338	0.0004897793	0.0004768178	0.0004760059	3.354224e-06	5.007563e-07	3.053735e-07	2.606025e-07	2.268662e-07	2.230783e-07	2.132804e-07	2.101321e-07	2.083794e-07
71	0.8785264	0.3138801	0.07532357	0.0677491	0.06387221	0.005285057	0.003698185	0.003524201	0.00273209	0.002729009	0.002724007	0.0009290506	5.266657e-05	4.434603e-05	2.632974e-05	2.322018e-05	2.255195e-05	2.098096e-05	2.09096e-05	1.776857e-05	4.842935e-06	4.047681e-06	3.316735e-06	4.928247e-07	2.979192e-07	2.532778e-07	2.263679e-07	2.22601e-07	2.128099e-07	2.096657e-07
72	0.8940907	0.8089163	0.2614128	0.05459256	0.04908449	0.04642544	0.003232139	0.001922874	0.001817761	0.001323087	0.001321572	0.001318778	0.0003038509	2.471346e-05	2.138118e-05	9.780584e-06	7.891465e-06	7.5019e-06	6.264026e-06	6.214879e-06	4.39607e-06	1.150922e-06	7.558515e-07	2.21794e-07	1.53865e-07	8.83086e-08	5.09165e-08	4.505249e-08	4.146307e-08	3.172906e-08
73	0.3409652	0.338265	0.3295492	0.1535908	0.03580323	0.0323441	0.03109853	0.002154867	0.001437657	0.001364786	0.000999784	0.0009984167	0.0009962362	0.0002205753	1.740902e-05	1.505701e-05	6.667785e-06	5.302773e-06	5.012896e-06	4.466105e-06	4.429759e-06	3.112935e-06	8.647219e-07	5.531762e-07	1.334956e-07	8.476379e-08	5.889396e-08	3.157109e-08	2.737816e-08	2.520511e-08
74	0.8284683	0.3382276	0.3356081	0.3271754	0.1514136	0.0353868	0.03197902	0.03075825	0.002138327	0.001426152	0.001353996	0.0009906594	0.0009901126	0.000988139	0.0002201364	1.734072e-05	1.499487e-05	6.634379e-06	5.272766e-06	4.986749e-06	4.440308e-06	4.40541e-06	3.090896e-06	8.469258e-07	5.470708e-07	1.298089e-07	8.117929e-08	5.535061e-08	3.050987e-08	2.633011e-08
75	0.8235162	0.7616635	0.2997988	0.2973602	0.2896443	0.1356491	0.03180386	0.02871727	0.02767283	0.00198022	0.00132016	0.0012514	0.0009445501	0.0009440307	0.0009421486	0.0002096811	1.621951e-05	1.40031e-05	5.994567e-06	4.693437e-06	4.423049e-06	3.884941e-06	3.853703e-06	2.603476e-06	7.989754e-07	5.182195e-07	1.223211e-07	7.662754e-08	5.174063e-08	2.865004e-08
76	0.2080817	0.1474209	0.1317998	0.07889305	0.07764675	0.07474436	0.04049174	0.01084406	0.009846841	0.009436325	0.0009255326	0.000660396	0.0006249435	0.0004600099	0.000459865	0.0004590201	0.0001036313	9.162541e-06	7.992785e-06	3.683529e-06	3.00101e-06	2.873183e-06	2.406609e-06	2.398798e-06	1.828714e-06	4.191603e-07	2.652862e-07	6.197608e-08	4.053095e-08	2.570282e-08
77	0.04761676	0.0114887	0.007754155	0.007113298	0.004980171	0.004475497	0.004202661	0.002680345	0.0008415031	0.0007542387	0.0007130664	9.020899e-05	6.614678e-05	6.242204e-05	4.587334e-05	4.585909e-05	4.577504e-05	1.035772e-05	9.091827e-07	7.913086e-07	3.576779e-07	2.891652e-07	2.76465e-07	2.622093e-07	2.613933e-07	1.892389e-07	4.491938e-08	3.165594e-08	7.587839e-09	4.912147e-09
78	0.002659113	0.002029534	0.00193995	0.0007036855	0.000665715	0.0006415722	0.00020876	0.0001353813	0.0001196367	4.005995e-05	3.429267e-05	2.589023e-05	5.422334e-06	2.984826e-06	2.595115e-06	1.810171e-06	1.809373e-06	1.805619e-06	4.370221e-07	6.543064e-08	5.583748e-08	3.472256e-08	3.147994e-08	3.085738e-08	2.944465e-08	2.937886e-08	2.318932e-08	7.766986e-09	6.613983e-09	1.532129e-09
79	0.002425517	0.001839564	0.001795652	0.001762628	0.0005885638	0.0005557004	0.0005487075	0.0001217004	6.186475e-05	5.98994e-05	2.296577e-05	2.026234e-05	1.261837e-05	3.500226e-06	1.612599e-06	1.301168e-06	9.121401e-07	9.11679e-07	9.097291e-07	2.429762e-07	4.598859e-08	4.07207e-08	3.031765e-08	2.868904e-08	2.836706e-08	2.716015e-08	2.710221e-08	2.149218e-08	7.246721e-09	6.176609e-09
80	0.001800323	0.00171266	0.001678869	0.001668599	0.00164765	0.0004988687	0.0004938247	0.0004885037	6.284709e-05	5.014761e-05	4.95322e-05	1.974242e-05	1.752481e-05	1.013119e-05	2.893077e-06	1.126142e-06	1.061791e-06	7.451236e-07	7.447057e-07	7.430746e-07	2.066093e-07	4.24127e-08	3.770507e-08	2.925572e-08	2.791861e-08	2.764202e-08	2.647842e-08	2.642249e-08	2.099986e-08	7.130574e-09
81	0.003225976	0.001773758	0.001706397	0.001673823	0.001663935	0.001643107	0.000496779	0.0004918096	0.0004881792	6.263712e-05	4.995636e-05	4.940769e-05	1.96839e-05	1.74757e-05	1.008774e-05	2.871954e-06	1.106085e-06	1.041948e-06	7.43282e-07	7.428651e-07	7.412374e-07	2.061468e-07	4.237769e-08	3.767524e-08	2.924394e-08	2.790913e-08	2.763293e-08	2.646965e-08	2.641373e-08	2.099201e-08
82	0.04129093	0.003182384	0.001772509	0.001705251	0.001672707	0.001662941	0.001642165	0.0004964634	0.0004915104	0.0004880512	6.251921e-05	4.985038e-05	4.9317e-05	1.966888e-05	1.746557e-05	1.00789e-05	2.869213e-06	1.103657e-06	1.039575e-06	7.412446e-07	7.410089e-07	7.396019e-07	2.059288e-07	4.236395e-08	3.766358e-08	2.923837e-08	2.790453e-08	2.762913e-08	2.646598e-08	2.641188e-08
83	0.3343883	0.03914208	0.003161808	0.001771431	0.001704426	0.001671937	0.00166229	0.001641617	0.0004960852	0.0004911364	0.0004879729	6.245764e-05	4.97995e-05	4.927037e-05	1.965735e-05	1.74611e-05	1.007488e-05	2.868473e-06	1.103018e-06	1.038956e-06	7.407423e-07	7.405441e-07	7.391694e-07	2.057615e-07	4.229128e-08	3.75918e-08	2.916863e-08	2.78353e-08	2.762698e-08	2.646389e-08
84	0.9999575	0.3343657	0.03911985	0.003139975	0.001762558	0.001695837	0.00166906	0.001659592	0.001639149	0.0004959886	0.0004910498	0.0004878984	6.241924e-05	4.977119e-05	4.92426e-05	1.965442e-05	1.745903e-05	1.007302e-05	2.867994e-06	1.102749e-06	1.038703e-06	7.405457e-07	7.403475e-07	7.389731e-07	2.056989e-07	4.228429e-08	3.758615e-08	2.916468e-08	2.7832e-08	2.762373e-08
