Full	Mean	Lower_CI	Median	Upper_CI
8mer_Kd	0.000523943386522985	0.000539244725497745	0.000470347792203531	0.0004910470884327	0.000641104760024871
7mer-m8_Kd	0.00164447701678724	0.00168599118666094	0.00133397825981299	0.00167699670888884	0.00202130953825393
8mer-bG7_Kd	0.00284085003393588	0.00289177005280476	0.00209389830409328	0.00300714652447256	0.00372981942112453
7mer-m8bG7_Kd	0.00506111712632556	0.00519595936405888	0.00426566518740776	0.0052532188876359	0.00612323940462613
8mer-bT(7.8)_Kd	0.00378247753235858	0.00387946248062374	0.00297071879420537	0.00392651324743748	0.00480386779034594
8mer-mmG7bG7_Kd	0.00502587291194138	0.0051285040139408	0.00414750995400998	0.00534170373687954	0.00587200542988707
7mer-A1_Kd	0.0075823991193328	0.0082320244073832	0.00578656342789247	0.00766002490379384	0.0133548629793028
GCTTCCGC_Kd	0.0109280384901038	0.0105029658401217	0.0054518071133666	0.0114809097422935	0.0149798289287046
8mer-mmA7bG7_Kd	0.00766332969777937	0.00797341812389682	0.00650901704482292	0.00786516586153127	0.00991956104487133
7mer-m8bT(7.8)_Kd	0.00941676991247027	0.00971017953738863	0.00847869373682788	0.009700570082078	0.011108793059879
8mer-mmC7bG7_Kd	0.00726974104743808	0.00757287611930224	0.0059626068074121	0.00744842762369256	0.00986744867827697
7mer-A1bG7_Kd	0.0179013237481414	0.0190181389179918	0.0157843103542636	0.0182610501238617	0.0250240914485006
6mer_Kd	0.0172106729943063	0.0181166718800342	0.0153677138191413	0.0173579545542221	0.022722305277647
7mer-m8mmA7bG7_Kd	0.0169922340124507	0.0180147004213541	0.0150619142659156	0.0172443382750139	0.0234895946857612
7mer-m8mmC7bG7_Kd	0.0139955124044438	0.0145360388093633	0.0126090352570321	0.0143742086004415	0.0172116302829698
7mer-m8mmG7bG7_Kd	0.0163330766737372	0.0173517615030613	0.0143969678521902	0.0166071269536499	0.0230261530529076
6mer-bG7_Kd	0.0263668566702477	0.0272936991771115	0.0242515877253699	0.0268431140655769	0.0318343601396511
6mer-A1_Kd	0.0289640673424728	0.0303955633871948	0.0264337474142129	0.0292497835929442	0.0371492913427571
None_Kd	1	1	1	1	1
bg_miR-7-23nt	1.01846663359569	1.01846663359569	1.01846663359569	1.01846663359569	1.01846663359569
AGO_miR-7-23nt	2.36207954483671	2.36207954483671	2.36207954483671	2.36207954483671	2.36207954483671
