#unpaired probabilities
 #i$	l=1	2	3	4	5	6	7	8	9	10	11	12	13	14	15	16	17	18	19	20	21	22	23	24	25	26	27	28	29	30	
1	0.23858	NA	NA	NA	NA	NA	NA	NA	NA	NA	NA	NA	NA	NA	NA	NA	NA	NA	NA	NA	NA	NA	NA	NA	NA	NA	NA	NA	NA	NA
2	0.03265877	0.03135676	NA	NA	NA	NA	NA	NA	NA	NA	NA	NA	NA	NA	NA	NA	NA	NA	NA	NA	NA	NA	NA	NA	NA	NA	NA	NA	NA	NA
3	0.008527648	0.00714057	0.007009465	NA	NA	NA	NA	NA	NA	NA	NA	NA	NA	NA	NA	NA	NA	NA	NA	NA	NA	NA	NA	NA	NA	NA	NA	NA	NA	NA
4	0.01023065	0.007806238	0.006891301	0.006774981	NA	NA	NA	NA	NA	NA	NA	NA	NA	NA	NA	NA	NA	NA	NA	NA	NA	NA	NA	NA	NA	NA	NA	NA	NA	NA
5	0.280825	0.009238838	0.007453496	0.006640887	0.006542145	NA	NA	NA	NA	NA	NA	NA	NA	NA	NA	NA	NA	NA	NA	NA	NA	NA	NA	NA	NA	NA	NA	NA	NA	NA
6	0.2226509	0.2137508	0.005811461	0.004369322	0.003658454	0.003575707	NA	NA	NA	NA	NA	NA	NA	NA	NA	NA	NA	NA	NA	NA	NA	NA	NA	NA	NA	NA	NA	NA	NA	NA
7	0.3719802	0.2180724	0.2119378	0.005717943	0.004293259	0.003586908	0.003504303	NA	NA	NA	NA	NA	NA	NA	NA	NA	NA	NA	NA	NA	NA	NA	NA	NA	NA	NA	NA	NA	NA	NA
8	0.4726251	0.3038004	0.1650702	0.1608629	0.005072233	0.003793295	0.003229634	0.003153901	NA	NA	NA	NA	NA	NA	NA	NA	NA	NA	NA	NA	NA	NA	NA	NA	NA	NA	NA	NA	NA	NA
9	0.8875617	0.4675547	0.3018546	0.1637204	0.159628	0.004060201	0.003380195	0.002942445	0.002875917	NA	NA	NA	NA	NA	NA	NA	NA	NA	NA	NA	NA	NA	NA	NA	NA	NA	NA	NA	NA	NA
10	0.9266918	0.8488943	0.4478306	0.2973807	0.1620744	0.1584728	0.003579291	0.003244255	0.002847308	0.002782044	NA	NA	NA	NA	NA	NA	NA	NA	NA	NA	NA	NA	NA	NA	NA	NA	NA	NA	NA	NA
11	0.8118223	0.7879911	0.7166011	0.376337	0.2356409	0.1616013	0.1580776	0.003305845	0.003011914	0.002812155	0.002753897	NA	NA	NA	NA	NA	NA	NA	NA	NA	NA	NA	NA	NA	NA	NA	NA	NA	NA	NA
12	0.9150488	0.7984923	0.7759043	0.7060294	0.368653	0.2339263	0.1609971	0.1580266	0.003279016	0.002988643	0.002789655	0.002731672	NA	NA	NA	NA	NA	NA	NA	NA	NA	NA	NA	NA	NA	NA	NA	NA	NA	NA
13	0.9054789	0.8262522	0.709879	0.6877452	0.6786464	0.3624723	0.2335362	0.1609414	0.1579907	0.003274051	0.002983928	0.002785019	0.002727056	NA	NA	NA	NA	NA	NA	NA	NA	NA	NA	NA	NA	NA	NA	NA	NA	NA
14	0.7914336	0.7889627	0.7156291	0.628141	0.6078633	0.5992641	0.308959	0.1843536	0.160636	0.1577374	0.003104217	0.002819812	0.002654523	0.002642355	NA	NA	NA	NA	NA	NA	NA	NA	NA	NA	NA	NA	NA	NA	NA	NA
15	0.9600313	0.7860273	0.7836342	0.7106012	0.6232868	0.6043032	0.5976203	0.3077261	0.1842289	0.1605917	0.1577	0.003077883	0.002793588	0.002628335	0.002616174	NA	NA	NA	NA	NA	NA	NA	NA	NA	NA	NA	NA	NA	NA	NA
16	0.449307	0.4160101	0.3826588	0.3818244	0.3762788	0.3251335	0.3108424	0.3064673	0.07860256	0.01827473	0.006924063	0.005416547	0.002895071	0.002619485	0.002457211	0.002446033	NA	NA	NA	NA	NA	NA	NA	NA	NA	NA	NA	NA	NA	NA
17	0.426201	0.4086783	0.3787473	0.3487414	0.3485315	0.345057	0.3001474	0.2863322	0.2846287	0.0643722	0.01342871	0.004040182	0.002811674	0.0007317065	0.0006963524	0.0005494807	0.0005457307	NA	NA	NA	NA	NA	NA	NA	NA	NA	NA	NA	NA	NA
18	0.4436876	0.40473	0.3922821	0.3688478	0.3398802	0.3396774	0.3364	0.2925083	0.2787236	0.2770716	0.05998666	0.01233121	0.00347769	0.00229399	0.000287152	0.0002805048	0.0002744593	0.0002712862	NA	NA	NA	NA	NA	NA	NA	NA	NA	NA	NA	NA
19	0.5155367	0.4050294	0.3782849	0.3691324	0.3655777	0.3371992	0.3370086	0.3337571	0.290383	0.2766053	0.2749579	0.05947035	0.01222552	0.003457743	0.002279716	0.0002812555	0.00027488	0.0002693434	0.0002666539	NA	NA	NA	NA	NA	NA	NA	NA	NA	NA	NA
20	0.5510983	0.1999794	0.09530562	0.07074761	0.06530246	0.06314694	0.05451017	0.0544639	0.05219182	0.04153333	0.04109429	0.03952432	0.02974529	0.00749949	0.002219189	0.001486301	0.0002407854	0.0002364894	0.0002314939	0.00022898	NA	NA	NA	NA	NA	NA	NA	NA	NA	NA
21	0.5541279	0.5161239	0.1656064	0.06479144	0.06251172	0.05925976	0.05786964	0.05050085	0.05046547	0.04923768	0.03889927	0.0384778	0.03829758	0.02947266	0.007477982	0.00221589	0.001484445	0.0002406139	0.000236323	0.0002313311	0.0002288176	NA	NA	NA	NA	NA	NA	NA	NA	NA
22	0.660114	0.5364728	0.5000937	0.1625832	0.0620261	0.06040562	0.05857368	0.05744341	0.05011867	0.05008429	0.04886249	0.03855964	0.03813966	0.03796121	0.02936553	0.00744443	0.002201459	0.001471079	0.0002286964	0.0002247758	0.000221291	0.0002204903	NA	NA	NA	NA	NA	NA	NA	NA
23	0.5539399	0.5078984	0.3898064	0.3598106	0.04955577	0.04517599	0.04378255	0.04203985	0.04108735	0.0361393	0.03610898	0.03514309	0.03330374	0.03324685	0.03309818	0.02570648	0.00634258	0.001830795	0.001231557	0.0002160231	0.0002127487	0.0002094319	0.0002086859	NA	NA	NA	NA	NA	NA	NA
24	0.8371068	0.5526984	0.5067141	0.3889154	0.3589722	0.0488551	0.04447791	0.04369901	0.04195714	0.04100509	0.03605902	0.03602871	0.03507895	0.03324045	0.0331992	0.03308638	0.02569743	0.00634007	0.00183004	0.001231051	0.0002159421	0.0002126694	0.000209353	0.0002086072	NA	NA	NA	NA	NA	NA
25	0.8366118	0.7604795	0.5094944	0.4660528	0.3800223	0.3507988	0.04745462	0.04315756	0.04247993	0.04081099	0.03991569	0.03503721	0.03501199	0.03407766	0.03237686	0.03233824	0.03223224	0.02517524	0.006306028	0.00182063	0.001223186	0.000209746	0.000206751	0.0002047886	0.0002040542	NA	NA	NA	NA	NA
26	0.8024792	0.71778	0.6593681	0.4914215	0.4499789	0.3647419	0.3449156	0.04481068	0.04058047	0.0399265	0.0391127	0.03822717	0.03345814	0.03343357	0.03250324	0.03084573	0.03080794	0.03070373	0.02451459	0.006228732	0.001817105	0.001220324	0.0002073043	0.0002044226	0.0002026098	0.0002021006	NA	NA	NA	NA
27	0.9250422	0.8007695	0.7165287	0.658218	0.4911011	0.449736	0.3645302	0.3447062	0.04468906	0.04045902	0.03989657	0.03908289	0.03819742	0.03342852	0.03340395	0.0324789	0.03082154	0.03078978	0.03070298	0.02451415	0.006228607	0.001817031	0.001220253	0.0002072395	0.0002043587	0.000202546	0.0002020369	NA	NA	NA
28	0.7361828	0.7264531	0.6391891	0.5664652	0.5414337	0.3816072	0.3444378	0.3297391	0.3104459	0.03917582	0.03512237	0.03459471	0.03384353	0.03302172	0.02876234	0.02874277	0.0278244	0.02622519	0.02619471	0.02610981	0.02097152	0.005912462	0.001812679	0.001218654	0.0002060792	0.0002033514	0.0002024224	0.0002019163	NA	NA
29	0.6535882	0.6133689	0.6055689	0.5410907	0.4830069	0.4611039	0.3282893	0.2973229	0.2851407	0.2779471	0.03115614	0.02742998	0.02695848	0.02664315	0.02588564	0.02246139	0.02244476	0.02158543	0.02011775	0.02008924	0.02000798	0.01599669	0.004988798	0.001787981	0.001200424	0.0001889818	0.00018628	0.0001854604	0.0001851274	NA
30	0.972381	0.6484607	0.6095022	0.6018075	0.5375795	0.4812817	0.4595051	0.3267267	0.2958271	0.2836676	0.2764796	0.03104983	0.02732678	0.02686002	0.02654534	0.02578797	0.02237133	0.02235472	0.02154588	0.02008025	0.02005375	0.0199739	0.01596291	0.004968201	0.001786713	0.001199216	0.0001878005	0.0001851018	0.0001842829	0.0001839502
31	0.1095443	0.1090385	0.09497493	0.09442742	0.09431216	0.08326299	0.08238021	0.07915961	0.07784992	0.07684288	0.07651638	0.07634945	0.0005025217	0.000360674	0.0003523974	0.0003466797	0.0003434969	0.0003142321	0.0003141114	0.0002906344	0.000162569	0.0001569971	0.0001532861	0.0001083923	7.732978e-05	6.910744e-05	6.774184e-05	6.54668e-05	6.505811e-05	6.482614e-05
32	0.09234027	0.08063507	0.080496	0.06991214	0.06951809	0.06945032	0.0662312	0.06570904	0.06267323	0.06179242	0.0614733	0.06120692	0.06109291	0.0003085589	0.0002052142	0.0001987489	0.0001951263	0.0001940291	0.0001785198	0.0001784716	0.0001600037	6.963151e-05	6.457733e-05	6.124312e-05	5.735276e-05	5.311834e-05	5.223355e-05	5.219013e-05	5.216474e-05	5.200237e-05
33	0.1456891	0.09204203	0.08045029	0.08031178	0.06974971	0.0693835	0.069316	0.06610386	0.06559558	0.06256135	0.06168343	0.06136506	0.06109918	0.06098552	0.0003070406	0.0002039191	0.0001974893	0.0001938825	0.0001927987	0.0001773684	0.0001773205	0.0001592971	6.9099e-05	6.410683e-05	6.078145e-05	5.70309e-05	5.295924e-05	5.211924e-05	5.208358e-05	5.207123e-05
34	0.4365999	0.1442438	0.09188733	0.08030907	0.08017077	0.06962189	0.06928039	0.06921303	0.0660049	0.06552333	0.06249008	0.06161382	0.06129577	0.06103018	0.06091671	0.0003063086	0.0002033252	0.0001969225	0.0001933218	0.0001922451	0.0001768523	0.0001768047	0.0001588939	6.880631e-05	6.387277e-05	6.055787e-05	5.685043e-05	5.28647e-05	5.20481e-05	5.20166e-05
35	0.9982977	0.4355086	0.1439288	0.09165643	0.08011744	0.07997937	0.06944588	0.069176	0.06910873	0.06590649	0.06543955	0.06240691	0.06153148	0.06121373	0.06094828	0.06083494	0.0003024352	0.000199593	0.0001932164	0.0001896326	0.0001885592	0.0001731923	0.0001731448	0.0001553662	6.539822e-05	6.371219e-05	6.040622e-05	5.67265e-05	5.278057e-05	5.197499e-05
36	0.9987816	0.9975032	0.4347377	0.1435312	0.0915026	0.08001104	0.07987311	0.06934845	0.06912068	0.06905355	0.06585389	0.06539749	0.06236518	0.0614903	0.06117282	0.06090773	0.06079445	0.0002992245	0.0001964486	0.0001922886	0.0001887127	0.0001876429	0.0001723043	0.0001722569	0.0001545119	6.460084e-05	6.294548e-05	6.027729e-05	5.666737e-05	5.274469e-05
37	0.9629276	0.9626485	0.9614282	0.3992712	0.1221271	0.07355819	0.06773717	0.06760503	0.05877298	0.05855496	0.05848894	0.05580591	0.05546691	0.0524504	0.05201451	0.05172869	0.05147794	0.05141041	0.0002484232	0.0001615812	0.0001578725	0.0001553004	0.0001543462	0.0001425153	0.0001424828	0.0001269267	5.183822e-05	5.046724e-05	4.793704e-05	4.528044e-05
38	0.9683907	0.9591279	0.9589182	0.9577452	0.3956068	0.121274	0.07284398	0.06706747	0.06693622	0.0581679	0.0580061	0.05794056	0.0552779	0.05510301	0.05208703	0.05165475	0.05136948	0.05111961	0.05105219	0.0002439817	0.0001577326	0.0001549459	0.0001523847	0.0001514358	0.0001396837	0.0001396515	0.000124182	4.962491e-05	4.82715e-05	4.76207e-05
39	0.4167685	0.4000556	0.3910724	0.3908677	0.3906845	0.3893538	0.1208217	0.07249897	0.06682917	0.06678358	0.05803158	0.05787003	0.05781081	0.05515335	0.05497953	0.05198204	0.05155666	0.05127171	0.05102927	0.05096235	0.0002430046	0.0001569157	0.0001541458	0.0001516612	0.0001507737	0.0001390543	0.000139026	0.0001235783	4.917322e-05	4.782248e-05
40	0.1730902	0.1599289	0.1432691	0.1350982	0.1349444	0.1348635	0.1342426	0.1156898	0.06902149	0.06344962	0.06341308	0.05468263	0.05452272	0.05447863	0.05183121	0.05166305	0.051573	0.0512573	0.05097547	0.05094813	0.05088328	0.0002395773	0.0001537666	0.0001512379	0.0001488828	0.0001480833	0.0001365636	0.0001365428	0.0001211184	4.728002e-05
41	0.1405421	0.1392042	0.1336339	0.1198433	0.1118015	0.1116511	0.1115736	0.1110435	0.09316521	0.06849789	0.06307194	0.06303794	0.05434112	0.05419281	0.05415312	0.0515169	0.05135285	0.05126436	0.05104452	0.05076392	0.05073736	0.05070292	0.00023595	0.0001504766	0.000148065	0.0001469206	0.0001466507	0.0001352464	0.0001352281	0.0001198465
42	0.03672686	0.02094551	0.02056662	0.01607177	0.01562576	0.01346438	0.01344744	0.01343241	0.01308552	0.004717326	0.003329078	0.003022582	0.003017228	0.002760487	0.002643131	0.00263411	0.002543092	0.002455174	0.002425175	0.002346131	0.002097935	0.002079158	0.002072213	1.887197e-05	1.408859e-05	1.368518e-05	1.32474e-05	1.311434e-05	8.416197e-06	8.403743e-06
43	0.5396277	0.01752225	0.01305076	0.01278988	0.01212419	0.01202386	0.01020079	0.0101872	0.01017515	0.00987116	0.002956203	0.001950061	0.001807733	0.001805431	0.001716383	0.001689024	0.001684524	0.001646258	0.001575323	0.001547528	0.001490635	0.001246543	0.001229288	0.001226256	1.125197e-05	9.209171e-06	9.03871e-06	8.685883e-06	8.621885e-06	4.459682e-06
44	0.3638719	0.3150481	0.01296372	0.01002991	0.009860216	0.009581429	0.009525004	0.008584203	0.008572551	0.00856353	0.008288444	0.002268635	0.001417663	0.001305655	0.00130428	0.001250044	0.001228935	0.001226313	0.001203335	0.001140227	0.001130237	0.001094826	0.001053664	0.001043142	0.001040593	7.994484e-06	6.979922e-06	6.879205e-06	6.564553e-06	6.508133e-06
45	0.3591716	0.1919165	0.1908501	0.009678133	0.007361091	0.007253225	0.007188836	0.007148813	0.006572037	0.00656257	0.006555512	0.00632846	0.001943081	0.001275664	0.00118345	0.001182862	0.00114379	0.001141817	0.00114138	0.00112399	0.001074752	0.001066942	0.001043033	0.001022329	0.001013683	0.001011583	4.499481e-06	3.831023e-06	3.768511e-06	3.50788e-06
46	0.1111326	0.05486573	0.03602439	0.03594482	0.00158993	0.001422889	0.00140984	0.001403732	0.001394188	0.001320601	0.001318545	0.001317049	0.00125991	0.0002165542	5.289542e-05	3.842118e-05	3.828413e-05	3.171113e-05	3.099979e-05	3.076593e-05	2.754851e-05	1.59384e-05	1.400559e-05	6.715051e-06	3.957108e-06	1.784292e-06	1.25426e-06	1.011183e-06	5.631419e-07	5.54277e-07
47	0.03736766	0.01979408	0.01351814	0.008785349	0.008776999	0.0001143253	8.769553e-05	8.655438e-05	8.57659e-05	8.514134e-05	7.760321e-05	7.750001e-05	7.736443e-05	7.544421e-05	2.727913e-05	1.115537e-05	8.661571e-06	8.610574e-06	8.192012e-06	7.991856e-06	7.843966e-06	7.660751e-06	7.155731e-06	6.975041e-06	5.762627e-07	3.700966e-07	2.793001e-07	2.487777e-07	1.78027e-07	1.759935e-07
48	0.3035804	0.030987	0.01814851	0.01298281	0.008411023	0.008403038	0.0001026628	7.725406e-05	7.63087e-05	7.575938e-05	7.519875e-05	6.821823e-05	6.812863e-05	6.800268e-05	6.645094e-05	2.564881e-05	1.065828e-05	8.264773e-06	8.214752e-06	7.839055e-06	7.784177e-06	7.640667e-06	7.478282e-06	7.058507e-06	6.889721e-06	5.343195e-07	3.455592e-07	2.684627e-07	2.414131e-07	1.730009e-07
49	0.1282769	0.07683352	0.02569601	0.01456928	0.009846989	0.007955665	0.007948655	9.653049e-05	7.275242e-05	7.186586e-05	7.136483e-05	7.082111e-05	6.418098e-05	6.409517e-05	6.397273e-05	6.250723e-05	2.43022e-05	9.902155e-06	8.029062e-06	7.981376e-06	7.647379e-06	7.604685e-06	7.462911e-06	7.307992e-06	6.911825e-06	6.777548e-06	4.957283e-07	3.123183e-07	2.507168e-07	2.255754e-07
50	0.847256	0.09360635	0.04546329	0.02472858	0.01419884	0.009712356	0.007845162	0.007838349	9.480714e-05	7.140228e-05	7.057708e-05	7.017409e-05	6.964102e-05	6.309181e-05	6.30073e-05	6.288599e-05	6.144657e-05	2.398218e-05	9.734295e-06	7.906897e-06	7.861745e-06	7.546783e-06	7.512739e-06	7.374035e-06	7.22404e-06	6.83669e-06	6.703459e-06	4.413424e-07	2.595864e-07	1.98921e-07
51	0.06109617	0.03491499	0.02032192	0.005845255	0.002470009	0.001165545	0.0002816252	0.00017599	0.000175705	1.296198e-05	1.236107e-05	1.228037e-05	1.225248e-05	1.198873e-05	1.176314e-05	1.174239e-05	1.167667e-05	1.151689e-05	8.884172e-06	1.07683e-06	5.27869e-07	4.978401e-07	4.74911e-07	4.706867e-07	3.339158e-07	3.039864e-07	2.73309e-07	2.477435e-07	2.818267e-08	1.803021e-08
52	0.1832966	0.05888561	0.03270883	0.01935	0.005077452	0.0021967	0.001007968	0.0002137331	0.0001382137	0.0001379676	1.248347e-05	1.199928e-05	1.19227e-05	1.189669e-05	1.163452e-05	1.14367e-05	1.141632e-05	1.135091e-05	1.119911e-05	8.766047e-06	1.021235e-06	4.954192e-07	4.654608e-07	4.440967e-07	4.399534e-07	3.031939e-07	2.738803e-07	2.452684e-07	2.199966e-07	2.569464e-08
53	0.2546778	0.1823441	0.05861615	0.03246761	0.01934068	0.005071583	0.002195124	0.001007161	0.0002131783	0.0001377623	0.0001375166	1.246063e-05	1.197785e-05	1.191189e-05	1.188818e-05	1.162607e-05	1.142876e-05	1.140838e-05	1.134298e-05	1.119146e-05	8.764522e-06	1.020589e-06	4.948759e-07	4.649212e-07	4.435931e-07	4.395435e-07	3.027895e-07	2.734929e-07	2.449704e-07	2.197073e-07
54	0.9921953	0.2481244	0.1764595	0.05491837	0.02877928	0.01927115	0.0050276	0.002184279	0.001005423	0.0002121848	0.0001369404	0.0001366955	1.239912e-05	1.192015e-05	1.186908e-05	1.184735e-05	1.158545e-05	1.138892e-05	1.13686e-05	1.130321e-05	1.115192e-05	8.762297e-06	1.019564e-06	4.940741e-07	4.641203e-07	4.42828e-07	4.388985e-07	3.021451e-07	2.7286e-07	2.444244e-07
55	0.5648618	0.5637007	0.2398033	0.1750757	0.05417011	0.0280333	0.0192115	0.005001927	0.002171109	0.0009979008	0.0002101164	0.0001353157	0.0001350787	1.236077e-05	1.189041e-05	1.184207e-05	1.182303e-05	1.156128e-05	1.136584e-05	1.134554e-05	1.128016e-05	1.112936e-05	8.756602e-06	1.017865e-06	4.925995e-07	4.626474e-07	4.414366e-07	4.379596e-07	3.01212e-07	2.71959e-07
56	0.4992894	0.497757	0.4968848	0.1848874	0.1205646	0.05214031	0.02603404	0.01732261	0.004109194	0.001600221	0.0006267792	0.000153189	0.0001241632	0.0001239306	4.689877e-06	4.241391e-06	4.21255e-06	4.196723e-06	3.93516e-06	3.742572e-06	3.722318e-06	3.656978e-06	3.507119e-06	1.161378e-06	6.54164e-07	4.915215e-07	4.615762e-07	4.405305e-07	4.37063e-07	3.003168e-07
57	0.8662882	0.4182749	0.4168631	0.4160271	0.104799	0.04051178	0.03937691	0.01399986	0.00530645	0.004083617	0.001592055	0.0006222801	0.0001519111	0.0001233402	0.000123148	4.462287e-06	4.043181e-06	4.014847e-06	3.999097e-06	3.738438e-06	3.546339e-06	3.540089e-06	3.532676e-06	3.411165e-06	1.073301e-06	5.677807e-07	4.81972e-07	4.523414e-07	4.313126e-07	4.278458e-07
58	0.5794022	0.5366995	0.09786375	0.09664477	0.09626836	0.07688589	0.01375939	0.01272165	0.01269764	0.004124519	0.003586362	0.00155842	0.00060109	0.00014191	0.0001145168	0.0001144026	3.958777e-06	3.568788e-06	3.541297e-06	3.525911e-06	3.506424e-06	3.319228e-06	3.314962e-06	3.311928e-06	3.197773e-06	8.996285e-07	3.997249e-07	3.148204e-07	3.140774e-07	2.932583e-07
59	0.437216	0.4191262	0.3866366	0.03408152	0.03314379	0.03286265	0.01732772	0.006400706	0.005978532	0.005957797	0.003921631	0.003477813	0.001484214	0.0005447639	0.0001007095	8.00554e-05	7.996535e-05	1.783733e-06	1.52523e-06	1.513369e-06	1.505851e-06	1.49986e-06	1.4207e-06	1.419362e-06	1.418357e-06	1.388059e-06	6.010998e-07	3.253097e-07	2.585876e-07	2.579558e-07
60	0.4806969	0.3847011	0.3831944	0.3815426	0.03028985	0.02937823	0.02910372	0.01363848	0.002740315	0.002466011	0.002445718	0.0008127337	0.0003788737	0.0002470042	0.0001509564	9.536496e-05	7.683169e-05	7.674413e-05	1.466942e-06	1.220518e-06	1.210309e-06	1.203485e-06	1.198757e-06	1.12861e-06	1.127547e-06	1.126735e-06	1.104307e-06	4.585661e-07	3.173616e-07	2.540012e-07
61	0.7974246	0.4774111	0.3838359	0.3824563	0.3809927	0.02978077	0.02889793	0.02862807	0.01321005	0.00236157	0.002121941	0.002101932	0.0006526598	0.0003046874	0.0002020995	0.0001292446	9.012054e-05	7.306642e-05	7.300206e-05	1.168255e-06	9.452577e-07	9.362604e-07	9.299639e-07	9.257633e-07	8.60274e-07	8.593309e-07	8.586091e-07	8.394352e-07	2.543091e-07	1.313818e-07
62	0.688042	0.5556673	0.462344	0.3708808	0.3706835	0.3702378	0.01944353	0.01856529	0.01830391	0.002905901	0.0002708298	0.0002190507	0.0002002488	0.00014362	7.656148e-05	4.62674e-05	9.502998e-06	3.363529e-06	2.369919e-06	2.359596e-06	2.468092e-07	2.329337e-07	2.321737e-07	2.296405e-07	2.294651e-07	2.268313e-07	2.268009e-07	2.267607e-07	2.261305e-07	1.291405e-07
63	0.5027734	0.4672632	0.4592488	0.3785594	0.3707564	0.3705726	0.3701546	0.01936299	0.01848482	0.01822353	0.002825613	0.0001916909	0.0001533323	0.0001345448	8.403352e-05	1.972609e-05	1.248847e-05	6.968036e-06	2.294907e-06	1.87204e-06	1.863122e-06	1.706444e-07	1.603917e-07	1.597943e-07	1.573083e-07	1.571507e-07	1.547869e-07	1.54761e-07	1.547243e-07	1.541939e-07
64	0.7162624	0.4618805	0.4583969	0.4533676	0.3762539	0.370543	0.3703758	0.3699728	0.01918321	0.01833874	0.01810771	0.002715147	8.63301e-05	7.65894e-05	5.802617e-05	1.128359e-05	7.153224e-06	5.228623e-06	2.730395e-06	1.201233e-06	9.299239e-07	9.270569e-07	4.644723e-08	4.098851e-08	4.063302e-08	3.822322e-08	3.80859e-08	3.596591e-08	3.595067e-08	3.593577e-08
65	0.7988086	0.7053086	0.4537208	0.4512303	0.4467648	0.3707139	0.3705162	0.3703515	0.3699539	0.01916609	0.01832166	0.01809072	0.002698281	7.074544e-05	6.35004e-05	4.494882e-05	9.034228e-06	6.027313e-06	4.428181e-06	2.208465e-06	9.507665e-07	7.287333e-07	7.262066e-07	2.392085e-08	2.0096e-08	1.981498e-08	1.742977e-08	1.732525e-08	1.549473e-08	1.548669e-08
66	0.3618287	0.250613	0.1950594	0.02831837	0.02709947	0.02383145	0.01945826	0.01927062	0.01922483	0.0191203	0.01911333	0.01826891	0.01803801	0.002645615	5.864895e-05	5.212245e-05	3.357526e-05	7.952582e-06	5.402158e-06	3.947543e-06	1.818874e-06	6.496285e-07	4.622687e-07	4.598586e-07	1.44631e-08	1.245969e-08	1.226896e-08	9.934752e-09	9.842723e-09	9.494097e-09
67	0.4117076	0.308208	0.2484319	0.1933602	0.02691394	0.02575906	0.02262369	0.01826661	0.01822665	0.01818092	0.01807648	0.01806953	0.01806729	0.01803448	0.002645076	5.813017e-05	5.167883e-05	3.347428e-05	7.909108e-06	5.378182e-06	3.926778e-06	1.803064e-06	6.373822e-07	4.516725e-07	4.501421e-07	1.403998e-08	1.206412e-08	1.187458e-08	9.540698e-09	9.450549e-09
68	0.8377264	0.3370408	0.2780364	0.2312012	0.1908927	0.02627643	0.02515559	0.02242721	0.01814904	0.01811443	0.01809052	0.01807509	0.0180683	0.01806607	0.01803326	0.002643851	5.740846e-05	5.09785e-05	3.277428e-05	7.576301e-06	5.062386e-06	3.618691e-06	1.513658e-06	4.305157e-07	3.527494e-07	3.512274e-07	8.728086e-09	7.251465e-09	7.072152e-09	7.014023e-09
69	0.3406627	0.3332382	0.2640607	0.2494569	0.2082299	0.1719751	0.009516238	0.008730099	0.006113011	0.002672393	0.002643334	0.002636861	0.002623666	0.002617601	0.002617488	0.00261727	0.002617087	3.092466e-05	2.467748e-05	2.46613e-05	6.094017e-06	4.512145e-06	3.297883e-06	1.305464e-06	3.410401e-07	2.787952e-07	2.78575e-07	7.597781e-09	6.359153e-09	6.213098e-09
70	0.1529556	0.1390718	0.1357047	0.09442802	0.08435851	0.04580483	0.01123144	0.005617714	0.004852312	0.00326915	8.259592e-05	5.496437e-05	4.979525e-05	3.784121e-05	3.311827e-05	3.300713e-05	3.279264e-05	3.261611e-05	2.932914e-05	2.316822e-05	2.315258e-05	5.939566e-06	4.402248e-06	3.218558e-06	1.251198e-06	3.125565e-07	2.552083e-07	2.550251e-07	7.099109e-09	5.951791e-09
71	0.2810941	0.1442312	0.1342251	0.1308855	0.0922652	0.08381067	0.04544542	0.01105738	0.005464853	0.004812402	0.003238897	7.412218e-05	4.7259e-05	4.214055e-05	3.025302e-05	2.553781e-05	2.54268e-05	2.521249e-05	2.503603e-05	2.175556e-05	2.020226e-05	2.018665e-05	2.976643e-06	1.446259e-06	9.433125e-07	6.411897e-07	3.023018e-07	2.543518e-07	2.54169e-07	6.969734e-09
72	0.7481312	0.09199723	0.03919861	0.03032433	0.02727665	0.0193485	0.01661806	0.01062656	0.004690833	0.003169018	0.00309785	0.002429093	4.99573e-05	3.448329e-05	3.322083e-05	2.524391e-05	2.110813e-05	2.099734e-05	2.078342e-05	2.060721e-05	1.872959e-05	1.778943e-05	1.777512e-05	1.208784e-06	6.912222e-07	4.904161e-07	3.882275e-07	2.928779e-07	2.463609e-07	2.461913e-07
73	0.1192867	0.112719	0.04606957	0.02303779	0.01822379	0.0169796	0.01268415	0.01064208	0.006920568	0.003245175	0.002232881	0.002185167	0.001628345	2.434529e-05	1.380115e-05	1.293628e-05	7.288919e-06	4.485201e-06	4.378539e-06	4.172091e-06	4.043592e-06	3.57385e-06	2.820006e-06	2.808301e-06	9.189744e-07	5.125171e-07	3.622344e-07	2.83565e-07	2.110426e-07	1.761659e-07
74	0.1938842	0.1139362	0.1080042	0.04363679	0.02289709	0.01810096	0.01688013	0.01261016	0.01060279	0.00689157	0.003239502	0.002229474	0.002182983	0.001626684	2.423484e-05	1.371447e-05	1.285098e-05	7.208245e-06	4.405836e-06	4.302052e-06	4.099044e-06	3.977114e-06	3.507834e-06	2.757464e-06	2.751584e-06	8.636424e-07	4.937214e-07	3.467324e-07	2.775437e-07	2.108373e-07
75	0.2099395	0.1798851	0.1050951	0.09949002	0.03829251	0.02016617	0.01592873	0.01519287	0.01126333	0.0101076	0.006582747	0.003112403	0.002130508	0.002090154	0.001544663	2.282835e-05	1.298717e-05	1.215962e-05	6.852127e-06	4.088431e-06	3.995585e-06	3.811812e-06	3.70315e-06	3.242833e-06	2.694733e-06	2.689489e-06	8.127412e-07	4.602005e-07	3.267984e-07	2.624306e-07
76	0.1337977	0.06912673	0.05941478	0.04604411	0.04285998	0.01374263	0.008430048	0.00734653	0.007085788	0.005425598	0.005059129	0.003427264	0.001878398	0.001171949	0.001154966	0.0006647654	1.275742e-05	8.670154e-06	8.200933e-06	5.152262e-06	2.697855e-06	2.688437e-06	2.67345e-06	2.62471e-06	2.254921e-06	2.145692e-06	2.144378e-06	3.906688e-07	2.162186e-07	1.539985e-07
77	0.04512361	0.02207085	0.01308871	0.01179654	0.009827231	0.008392671	0.002208397	0.001794782	0.001744885	0.001649381	0.00147567	0.001422919	0.001172901	0.001021166	0.000516636	0.000514679	6.478476e-05	2.43079e-06	2.043159e-06	1.836773e-06	3.298162e-07	2.756128e-07	2.751967e-07	2.729231e-07	2.351334e-07	2.085995e-07	1.942521e-07	1.941175e-07	4.187427e-08	2.316616e-08
78	0.01297818	0.01187308	0.01133506	0.006847658	0.006433008	0.006306354	0.005036455	0.001176743	0.001155901	0.001155062	0.001071097	0.001044681	0.001042248	0.0009354594	0.0009296359	0.0004461904	0.0004458533	1.67334e-06	2.590047e-07	2.498837e-07	7.450619e-08	6.746813e-08	6.654369e-08	6.652939e-08	6.637908e-08	2.952359e-08	1.598502e-08	1.133147e-08	1.128446e-08	5.710682e-09
79	0.03070066	0.01194257	0.01134654	0.01098332	0.006586357	0.006267928	0.006182593	0.004915429	0.001080174	0.00106287	0.001062475	0.001062044	0.001037476	0.00103583	0.0009327589	0.0009286314	0.0004454385	0.0004451265	1.040488e-06	4.851296e-08	4.224723e-08	3.064716e-08	2.813261e-08	2.766244e-08	2.765724e-08	2.761896e-08	2.759832e-08	1.424327e-08	9.686408e-09	9.679257e-09
80	0.175793	0.02589068	0.01021359	0.009705591	0.009384688	0.005181709	0.005153131	0.005076834	0.003820559	0.0006864982	0.0006699639	0.0006696516	0.0006692449	0.0006570008	0.0006553845	0.0005529061	0.0005491295	0.0004453252	0.0004450157	9.396019e-07	3.747333e-08	3.180486e-08	2.311852e-08	2.115137e-08	2.084877e-08	2.084409e-08	2.080757e-08	2.078791e-08	1.364617e-08	9.140613e-09
81	0.3041062	0.1749157	0.02570681	0.01011685	0.009638279	0.00935634	0.005156819	0.005128419	0.005069626	0.003813783	0.000684545	0.0006690556	0.0006687455	0.0006683399	0.0006561273	0.0006550573	0.0005526068	0.0005488439	0.0004450414	0.0004449875	9.37928e-07	3.727194e-08	3.164246e-08	2.305609e-08	2.109654e-08	2.07947e-08	2.079003e-08	2.075354e-08	2.073389e-08	1.359295e-08
82	0.3300209	0.3006049	0.1738367	0.02558678	0.01010457	0.009633063	0.009354136	0.005155083	0.00512673	0.005069306	0.003813513	0.0006843996	0.0006689453	0.0006686354	0.0006682515	0.0006560584	0.0006550069	0.0005525774	0.0005488329	0.0004450331	0.0004449855	9.372737e-07	3.721447e-08	3.159346e-08	2.301089e-08	2.105588e-08	2.075448e-08	2.075179e-08	2.07459e-08	2.072652e-08
83	0.5129256	0.3129693	0.2853423	0.1729562	0.02548892	0.01008826	0.009619691	0.009342098	0.00514324	0.005114905	0.005068205	0.003812448	0.0006835723	0.0006681596	0.0006678498	0.0006677673	0.0006555863	0.0006549708	0.0005525532	0.00054882	0.0004450218	0.000444983	9.369769e-07	3.719119e-08	3.157338e-08	2.299845e-08	2.104492e-08	2.074373e-08	2.074144e-08	2.073611e-08
84	0.9611448	0.5113368	0.311502	0.2839054	0.1727005	0.0254078	0.01005887	0.009591774	0.009315713	0.005141217	0.005112982	0.005066286	0.003812114	0.0006833099	0.0006678978	0.0006675988	0.0006675163	0.0006553462	0.0006547307	0.00055239	0.0005486623	0.0004450215	0.0004449827	9.368864e-07	3.718026e-08	3.156328e-08	2.298898e-08	2.103612e-08	2.07423e-08	2.074001e-08
