"miRNA"	"Site"	"AA_5p"	"AC_5p"	"AG_5p"	"AT_5p"	"CA_5p"	"CC_5p"	"CG_5p"	"CT_5p"	"GA_5p"	"GC_5p"	"GG_5p"	"GT_5p"	"TA_5p"	"TC_5p"	"TG_5p"	"TT_5p"	"AA_3p"	"AC_3p"	"AG_3p"	"AT_3p"	"CA_3p"	"CC_3p"	"CG_3p"	"CT_3p"	"GA_3p"	"GC_3p"	"GG_3p"	"GT_3p"	"TA_3p"	"TC_3p"	"TG_3p"	"TT_3p"
"miR-1"	"8mer"	0.0813953488372093	0.0813953488372093	0.0930232558139535	0.104651162790698	0.0348837209302326	0.0813953488372093	0	0.0581395348837209	0.0697674418604651	0.104651162790698	0.0697674418604651	0.0348837209302326	0.0697674418604651	0.0581395348837209	0.0465116279069767	0.0116279069767442	0.104651162790698	0.0232558139534884	0.0930232558139535	0.0232558139534884	0.104651162790698	0	0.0116279069767442	0.0465116279069767	0.0930232558139535	0.0697674418604651	0.0697674418604651	0.127906976744186	0.0465116279069767	0.0465116279069767	0.0232558139534884	0.116279069767442
"miR-1"	"7mer-m8"	0.105555555555556	0.0888888888888889	0.0777777777777778	0.0555555555555556	0.05	0.116666666666667	0.0111111111111111	0.0277777777777778	0.0722222222222222	0.0666666666666667	0.0166666666666667	0.0444444444444444	0.05	0.0777777777777778	0.0944444444444444	0.0444444444444444	0	0	0	0	0.122222222222222	0.0833333333333333	0.0555555555555556	0.127777777777778	0.0111111111111111	0.0166666666666667	0.0111111111111111	0.0222222222222222	0.0833333333333333	0.105555555555556	0.172222222222222	0.188888888888889
"miR-1"	"7mer-A1"	0	0.0621761658031088	0.0880829015544042	0.072538860103627	0	0.129533678756477	0.0414507772020725	0.077720207253886	0	0.0466321243523316	0.077720207253886	0.0621761658031088	0	0.072538860103627	0.150259067357513	0.119170984455959	0.072538860103627	0.0207253886010363	0.0466321243523316	0.0414507772020725	0.0518134715025907	0.0362694300518135	0.0259067357512953	0.0569948186528497	0.103626943005181	0.170984455958549	0.0880829015544042	0.0673575129533679	0.0466321243523316	0.0466321243523316	0.0414507772020725	0.0829015544041451
"miR-1"	"6mer"	0	0.0863930885529158	0.0907127429805616	0.0475161987041037	0	0.142548596112311	0.0129589632829374	0.103671706263499	0	0.0842332613390929	0.0453563714902808	0.0539956803455724	0	0.144708423326134	0.0647948164146868	0.123110151187905	0.00431965442764579	0	0	0	0.136069114470842	0.114470842332613	0.0302375809935205	0.127429805615551	0.0151187904967603	0.00647948164146868	0.0129589632829374	0.0129589632829374	0.0712742980561555	0.138228941684665	0.142548596112311	0.187904967602592
"miR-1"	"8mer-bT(4.6)"	0.0869565217391304	0.130434782608696	0.130434782608696	0	0	0	0	0.130434782608696	0.0869565217391304	0	0.0869565217391304	0.0869565217391304	0	0.0869565217391304	0.0434782608695652	0.130434782608696	0.0869565217391304	0.0434782608695652	0.0434782608695652	0	0.0434782608695652	0.0434782608695652	0	0	0.130434782608696	0.0434782608695652	0.0434782608695652	0.260869565217391	0.0434782608695652	0.0869565217391304	0.0869565217391304	0.0434782608695652
"miR-1"	"6mer-A1"	0.114391143911439	0	0.0830258302583026	0.0830258302583026	0.0959409594095941	0	0.022140221402214	0.0553505535055351	0.0774907749077491	0	0.0774907749077491	0.0645756457564576	0.0922509225092251	0	0.108856088560886	0.125461254612546	0.105166051660517	0.0350553505535055	0.0793357933579336	0.0424354243542435	0.0535055350553506	0.033210332103321	0.00553505535055351	0.0553505535055351	0.0701107011070111	0.0904059040590406	0.0867158671586716	0.0793357933579336	0.0535055350553506	0.047970479704797	0.0664206642066421	0.0959409594095941
"miR-1"	"6mer-m8"	0.114285714285714	0.0738095238095238	0.0976190476190476	0.0785714285714286	0.0285714285714286	0.0619047619047619	0	0.030952380952381	0.0666666666666667	0.0619047619047619	0.030952380952381	0.0642857142857143	0.0857142857142857	0.0619047619047619	0.0690476190476191	0.0738095238095238	0.102380952380952	0.10952380952381	0.107142857142857	0.10952380952381	0	0	0	0	0.0142857142857143	0.00952380952380952	0.0166666666666667	0.0166666666666667	0.102380952380952	0.111904761904762	0.147619047619048	0.152380952380952
"let-7a"	"8mer"	0.0222222222222222	0.155555555555556	0.0666666666666667	0.0444444444444444	0.0222222222222222	0.177777777777778	0	0.0666666666666667	0.0666666666666667	0.0666666666666667	0.0444444444444444	0.0222222222222222	0.0444444444444444	0.111111111111111	0.0444444444444444	0.0444444444444444	0.0222222222222222	0	0.0444444444444444	0.0222222222222222	0.0666666666666667	0.0888888888888889	0.0888888888888889	0.0444444444444444	0.133333333333333	0.155555555555556	0.111111111111111	0.0666666666666667	0.0888888888888889	0.0222222222222222	0.0222222222222222	0.0222222222222222
"let-7a"	"7mer-m8"	0.0534351145038168	0.0381679389312977	0.0229007633587786	0.0381679389312977	0.0534351145038168	0.129770992366412	0.00763358778625954	0.106870229007634	0.0152671755725191	0.083969465648855	0.0610687022900763	0.0534351145038168	0.0229007633587786	0.129770992366412	0.0763358778625954	0.106870229007634	0.00763358778625954	0	0	0	0.145038167938931	0.152671755725191	0.0152671755725191	0.16793893129771	0.00763358778625954	0	0.0381679389312977	0.0152671755725191	0.0229007633587786	0.16030534351145	0.129770992366412	0.137404580152672
"let-7a"	"7mer-A1"	0.0686274509803922	0	0.0784313725490196	0.0588235294117647	0.0882352941176471	0	0.00980392156862745	0.127450980392157	0.0392156862745098	0	0.0490196078431373	0.0784313725490196	0.0980392156862745	0	0.117647058823529	0.186274509803922	0.0196078431372549	0.00980392156862745	0.0392156862745098	0.0784313725490196	0.0784313725490196	0.0882352941176471	0.00980392156862745	0.0588235294117647	0.107843137254902	0.0882352941176471	0.0784313725490196	0.0882352941176471	0.0588235294117647	0.0588235294117647	0.0784313725490196	0.0588235294117647
"let-7a"	"6mer"	0.0694444444444444	0	0.087962962962963	0.0740740740740741	0.0601851851851852	0	0.00925925925925926	0.143518518518519	0.0509259259259259	0	0.0694444444444444	0.0972222222222222	0.087962962962963	0	0.0972222222222222	0.152777777777778	0	0	0	0	0.0740740740740741	0.12037037037037	0.0138888888888889	0.185185185185185	0.00925925925925926	0.00925925925925926	0.037037037037037	0.0231481481481481	0.0509259259259259	0.12962962962963	0.175925925925926	0.171296296296296
"let-7a"	"6mer-A1"	0.0967238689547582	0.0733229329173167	0.0811232449297972	0	0.0592823712948518	0.148205928237129	0.0202808112324493	0	0.078003120124805	0.0764430577223089	0.0717628705148206	0	0.0686427457098284	0.0702028081123245	0.15600624024961	0	0.0374414976599064	0.0265210608424337	0.0499219968798752	0.0296411856474259	0.0530421216848674	0.0858034321372855	0.0171606864274571	0.0702028081123245	0.093603744149766	0.106084243369735	0.140405616224649	0.0967238689547582	0.0452418096723869	0.0436817472698908	0.0561622464898596	0.0483619344773791
"let-7a"	"GCACTTTA"	0.155844155844156	0	0.0909090909090909	0.168831168831169	0.12987012987013	0	0	0.103896103896104	0.0649350649350649	0	0.025974025974026	0.038961038961039	0.051948051948052	0	0.0779220779220779	0.0909090909090909	0.12987012987013	0.0649350649350649	0.0909090909090909	0.0909090909090909	0.0909090909090909	0	0	0.038961038961039	0.0779220779220779	0.0649350649350649	0.025974025974026	0.025974025974026	0.038961038961039	0.051948051948052	0.116883116883117	0.0909090909090909
"let-7a"	"6mer-m8"	0.0612745098039216	0.053921568627451	0.0465686274509804	0.0514705882352941	0.0661764705882353	0.115196078431373	0.00735294117647059	0.0686274509803922	0.0367647058823529	0.0514705882352941	0.0318627450980392	0.0343137254901961	0.0563725490196078	0.0980392156862745	0.0808823529411765	0.139705882352941	0.0563725490196078	0.0441176470588235	0.0343137254901961	0.0392156862745098	0	0	0	0	0.0784313725490196	0.115196078431373	0.147058823529412	0.112745098039216	0.0441176470588235	0.100490196078431	0.100490196078431	0.127450980392157
"let-7a"	"8mer-w5"	0.0606060606060606	0.0909090909090909	0.0909090909090909	0.0606060606060606	0.0303030303030303	0.0909090909090909	0	0.0606060606060606	0.0303030303030303	0.0303030303030303	0.0606060606060606	0.0606060606060606	0.0606060606060606	0.181818181818182	0.0606060606060606	0.0303030303030303	0	0.0606060606060606	0.0303030303030303	0	0	0.151515151515152	0	0.0606060606060606	0.0606060606060606	0.0909090909090909	0.121212121212121	0	0.0606060606060606	0.0303030303030303	0.181818181818182	0.151515151515152
"miR-155"	"8mer"	0.120689655172414	0.0862068965517241	0.103448275862069	0.0689655172413793	0.0689655172413793	0.0172413793103448	0	0	0.172413793103448	0.0344827586206897	0.0344827586206897	0.0517241379310345	0.0344827586206897	0.0689655172413793	0.0517241379310345	0.0862068965517241	0.103448275862069	0.103448275862069	0.0862068965517241	0.103448275862069	0.0344827586206897	0.0862068965517241	0	0.0862068965517241	0.0862068965517241	0.0689655172413793	0.0172413793103448	0.0517241379310345	0.0517241379310345	0.0344827586206897	0.0517241379310345	0.0344827586206897
"miR-155"	"7mer-m8"	0.111111111111111	0.111111111111111	0.0493827160493827	0.0740740740740741	0.0493827160493827	0.0740740740740741	0	0.0246913580246914	0.0987654320987654	0.0617283950617284	0.037037037037037	0.037037037037037	0.037037037037037	0.0740740740740741	0.0740740740740741	0.0864197530864197	0	0	0	0	0.0246913580246914	0.0864197530864197	0.0123456790123457	0.0740740740740741	0.123456790123457	0.0864197530864197	0.0987654320987654	0.037037037037037	0.0864197530864197	0.0740740740740741	0.0493827160493827	0.246913580246914
"miR-155"	"7mer-A1"	0	0.018348623853211	0.0458715596330275	0.165137614678899	0	0	0.0275229357798165	0.137614678899083	0	0.00917431192660551	0.100917431192661	0.100917431192661	0	0.0275229357798165	0.165137614678899	0.201834862385321	0.110091743119266	0.0825688073394495	0.073394495412844	0.155963302752294	0.00917431192660551	0.0275229357798165	0.00917431192660551	0.055045871559633	0.018348623853211	0.0275229357798165	0.0275229357798165	0.0825688073394495	0.110091743119266	0.036697247706422	0.055045871559633	0.119266055045872
"miR-155"	"6mer"	0	0.0158730158730159	0.0740740740740741	0.126984126984127	0	0.0211640211640212	0.0317460317460317	0.148148148148148	0	0.0158730158730159	0.0793650793650794	0.158730158730159	0	0.00529100529100529	0.142857142857143	0.17989417989418	0	0	0	0	0.0899470899470899	0.0740740740740741	0.00529100529100529	0.116402116402116	0.0529100529100529	0.0793650793650794	0.0476190476190476	0.0952380952380952	0.100529100529101	0.0634920634920635	0.0793650793650794	0.195767195767196
"miR-155"	"8mer-mmT5"	0.120481927710843	0.072289156626506	0.0843373493975904	0.0602409638554217	0.036144578313253	0.0963855421686747	0.0120481927710843	0.0120481927710843	0.0481927710843374	0.0602409638554217	0.036144578313253	0.036144578313253	0.0481927710843374	0.072289156626506	0.132530120481928	0.072289156626506	0.228915662650602	0.0481927710843374	0.0963855421686747	0.0602409638554217	0.036144578313253	0.0120481927710843	0	0.0963855421686747	0.0843373493975904	0.0120481927710843	0.036144578313253	0.036144578313253	0.0602409638554217	0.036144578313253	0.0602409638554217	0.0963855421686747
"miR-155"	"8mer-w6"	0.164556962025316	0.0886075949367089	0.0632911392405063	0.0253164556962025	0.0886075949367089	0.0506329113924051	0	0.0379746835443038	0.113924050632911	0.0632911392405063	0.0379746835443038	0.0126582278481013	0.0632911392405063	0.113924050632911	0.0506329113924051	0.0253164556962025	0.0886075949367089	0.0886075949367089	0.126582278481013	0.113924050632911	0.0506329113924051	0.0126582278481013	0	0.0126582278481013	0.0632911392405063	0.0253164556962025	0.0506329113924051	0.0379746835443038	0.0886075949367089	0.0126582278481013	0.126582278481013	0.10126582278481
"miR-155"	"6mer-m8"	0.135135135135135	0.0682788051209104	0.0526315789473684	0.0398293029871977	0.0469416785206259	0.108108108108108	0.0042674253200569	0.0341394025604552	0.0782361308677098	0.0597439544807966	0.0398293029871977	0.0526315789473684	0.0910384068278805	0.0782361308677098	0.058321479374111	0.0526315789473684	0	0	0	0	0.0497866287339972	0.0839260312944523	0.00711237553342817	0.0711237553342817	0.0554765291607397	0.0640113798008535	0.0512091038406828	0.069701280227596	0.0739687055476529	0.106685633001422	0.128022759601707	0.238975817923186
"miR-155"	"6mer-A1"	0.116535433070866	0.0740157480314961	0	0.0976377952755905	0.0771653543307087	0.0330708661417323	0	0.0661417322834646	0.0692913385826772	0.0519685039370079	0	0.0708661417322835	0.0929133858267717	0.0866141732283465	0	0.163779527559055	0.211023622047244	0.0771653543307087	0.103937007874016	0.121259842519685	0.0535433070866142	0.031496062992126	0.0031496062992126	0.0425196850393701	0.0267716535433071	0.0236220472440945	0.0283464566929134	0.0488188976377953	0.0661417322834646	0.031496062992126	0.0661417322834646	0.0645669291338583
"miR-124"	"8mer"	0.106060606060606	0.0303030303030303	0.0303030303030303	0.121212121212121	0.0757575757575758	0.0303030303030303	0	0.242424242424242	0.0303030303030303	0	0.0454545454545455	0.0606060606060606	0.0606060606060606	0	0.0606060606060606	0.106060606060606	0.121212121212121	0.0606060606060606	0.0454545454545455	0.106060606060606	0.0454545454545455	0.0454545454545455	0.0151515151515152	0.0909090909090909	0.0454545454545455	0.0909090909090909	0.0757575757575758	0.0303030303030303	0.0151515151515152	0.0757575757575758	0.106060606060606	0.0303030303030303
"miR-124"	"7mer-m8"	0.132404181184669	0.0278745644599303	0.0418118466898955	0.104529616724739	0.132404181184669	0.024390243902439	0.0278745644599303	0.114982578397213	0.0313588850174216	0.00696864111498258	0.0418118466898955	0.0696864111498258	0.0522648083623693	0.0104529616724739	0.0696864111498258	0.111498257839721	0	0	0	0	0.0766550522648084	0.0836236933797909	0.0139372822299652	0.132404181184669	0.0662020905923345	0.0627177700348432	0.111498257839721	0.0522648083623693	0.0662020905923345	0.0731707317073171	0.0836236933797909	0.177700348432056
"miR-124"	"AA-6mer-m8"	0.0660377358490566	0.0849056603773585	0.0754716981132075	0.00943396226415094	0.0566037735849057	0.132075471698113	0.00943396226415094	0.0377358490566038	0.0943396226415094	0.0660377358490566	0.0377358490566038	0.0471698113207547	0.0660377358490566	0.0660377358490566	0.0471698113207547	0.10377358490566	0.0566037735849057	0.0283018867924528	0.0188679245283019	0.0188679245283019	0.0660377358490566	0.0660377358490566	0.00943396226415094	0.0283018867924528	0.0754716981132075	0.0566037735849057	0.0849056603773585	0.0660377358490566	0.0660377358490566	0.113207547169811	0.113207547169811	0.132075471698113
"miR-124"	"7mer-A1"	0.0721649484536082	0.077319587628866	0	0.0927835051546392	0.0309278350515464	0.134020618556701	0	0.118556701030928	0.0309278350515464	0.0824742268041237	0	0	0.0670103092783505	0.128865979381443	0	0.164948453608247	0.139175257731959	0.0515463917525773	0.0721649484536082	0.0670103092783505	0.0824742268041237	0.0721649484536082	0.0103092783505155	0.0257731958762887	0.0360824742268041	0.108247422680412	0.0515463917525773	0.0257731958762887	0.0927835051546392	0.0257731958762887	0.0412371134020619	0.0979381443298969
"miR-124"	"7mer-m8bT(7.8)"	0.127659574468085	0.0425531914893617	0.0212765957446809	0.106382978723404	0.0851063829787234	0.0212765957446809	0	0.127659574468085	0.0851063829787234	0	0.0212765957446809	0.0638297872340425	0.0638297872340425	0.0851063829787234	0.0212765957446809	0.127659574468085	0	0	0	0	0.148936170212766	0	0.0212765957446809	0.127659574468085	0.0425531914893617	0.0425531914893617	0.0851063829787234	0.0212765957446809	0.148936170212766	0.0638297872340425	0.0851063829787234	0.212765957446809
"miR-124"	"7mer-m8bG(6.7)"	0.0208333333333333	0.03125	0.125	0.0625	0.09375	0.0520833333333333	0.0104166666666667	0.15625	0.0729166666666667	0.0520833333333333	0.0625	0.09375	0.03125	0.03125	0.0520833333333333	0.0520833333333333	0	0	0	0	0.0416666666666667	0.114583333333333	0.03125	0.114583333333333	0.0729166666666667	0.0520833333333333	0.177083333333333	0.0729166666666667	0.03125	0.03125	0.125	0.135416666666667
"miR-124"	"6mer-m8"	0	0.0279627163781625	0.0798934753661784	0.0745672436750999	0.0958721704394141	0.0412782956058589	0.018641810918775	0.18375499334221	0.0466045272969374	0.0213049267643142	0.066577896138482	0.0865512649800266	0.0359520639147803	0.0346205059920107	0.11185086551265	0.0745672436750999	0.0359520639147803	0.0226364846870839	0.0492676431424767	0.0386151797603196	0.0878828229027963	0.114513981358189	0.0239680426098535	0.105193075898802	0.0892143808255659	0.142476697736352	0.165113182423435	0.125166444740346	0	0	0	0
"miR-124"	"6mer"	0.0558276199804114	0.0861900097943193	0	0.0636630754162586	0.0548481880509305	0.176297747306562	0	0.0754162585700294	0.0558276199804114	0.132223310479922	0	0	0.0411361410381978	0.138099902056807	0	0.120470127326151	0	0	0	0	0.0871694417238002	0.116552399608227	0.0166503428011753	0.112634671890304	0.0470127326150832	0.0607247796278159	0.089128305582762	0.0734573947110676	0.0607247796278159	0.0959843290891283	0.109696376101861	0.13026444662096
"miR-124"	"6mer-A1"	0.185567010309278	0.0343642611683849	0.0962199312714777	0	0.18213058419244	0.0378006872852234	0.0171821305841924	0	0.11340206185567	0.0171821305841924	0.0584192439862543	0	0.0996563573883162	0.0240549828178694	0.134020618556701	0	0.0893470790378007	0.0687285223367698	0.0756013745704467	0.0893470790378007	0.0790378006872852	0.0549828178694158	0.013745704467354	0.0446735395189003	0.0652920962199313	0.0893470790378007	0.0274914089347079	0.0721649484536082	0.0309278350515464	0.0515463917525773	0.0549828178694158	0.0927835051546392
"lsy-6"	"8mer"	0.626016260162602	0.016260162601626	0.016260162601626	0.0569105691056911	0.00813008130081301	0.016260162601626	0.00813008130081301	0.024390243902439	0.040650406504065	0	0.016260162601626	0.024390243902439	0.0487804878048781	0.00813008130081301	0.032520325203252	0.0569105691056911	0.227642276422764	0.032520325203252	0.0487804878048781	0.300813008130081	0.0569105691056911	0	0	0.024390243902439	0.032520325203252	0.016260162601626	0.024390243902439	0.032520325203252	0.032520325203252	0.00813008130081301	0.0487804878048781	0.113821138211382
"lsy-6"	"7mer-m8"	0.185897435897436	0.0448717948717949	0.102564102564103	0.0897435897435897	0.0448717948717949	0.0384615384615385	0.0192307692307692	0.0448717948717949	0.0448717948717949	0.0512820512820513	0.032051282051282	0.0512820512820513	0.0705128205128205	0.032051282051282	0.0641025641025641	0.0833333333333333	0	0	0	0	0.134615384615385	0.0448717948717949	0	0.0769230769230769	0.0961538461538462	0.0705128205128205	0.0448717948717949	0.0961538461538461	0.128205128205128	0.0576923076923077	0.141025641025641	0.108974358974359
"lsy-6"	"8mer-bA(6.7)"	0.173913043478261	0	0.0434782608695652	0.0434782608695652	0.173913043478261	0.0869565217391304	0	0.0434782608695652	0.0869565217391304	0	0	0	0.173913043478261	0.130434782608696	0.0434782608695652	0	0	0.173913043478261	0	0.130434782608696	0.0869565217391304	0.130434782608696	0	0.0869565217391304	0	0.0869565217391304	0.0434782608695652	0	0.0434782608695652	0.130434782608696	0.0869565217391304	0
"lsy-6"	"8mer-w8"	0.107142857142857	0.0178571428571429	0.0357142857142857	0.107142857142857	0.0178571428571429	0	0	0.196428571428571	0.0178571428571429	0	0	0.125	0.0714285714285714	0	0.0357142857142857	0.267857142857143	0.0892857142857143	0.0535714285714286	0.0357142857142857	0.0714285714285714	0.0892857142857143	0.0357142857142857	0.0178571428571429	0.0535714285714286	0.0535714285714286	0.0714285714285714	0.142857142857143	0.0178571428571429	0.0357142857142857	0.107142857142857	0.0535714285714286	0.0714285714285714
"lsy-6"	"7mer-A1"	0	0.112359550561798	0	0.174157303370786	0	0.0561797752808989	0	0.0786516853932584	0	0.0449438202247191	0	0.0786516853932584	0	0.146067415730337	0	0.308988764044944	0.179775280898876	0.0561797752808989	0.050561797752809	0.117977528089888	0.0561797752808989	0.0280898876404494	0	0.050561797752809	0.0561797752808989	0.0168539325842697	0.0393258426966292	0.0337078651685393	0.112359550561798	0.0337078651685393	0.0842696629213483	0.0842696629213483
"lsy-6"	"7mer-m8bA(6.7)"	0.103448275862069	0	0.103448275862069	0.0689655172413793	0	0	0	0.137931034482759	0.0689655172413793	0	0.0344827586206897	0	0.103448275862069	0.0689655172413793	0.103448275862069	0.206896551724138	0	0	0	0	0.0689655172413793	0.0344827586206897	0.0344827586206897	0	0.103448275862069	0.103448275862069	0.172413793103448	0.103448275862069	0.103448275862069	0.0344827586206897	0.137931034482759	0.103448275862069
"lsy-6"	"6mer"	0	0.0970873786407767	0	0.142394822006472	0	0.0711974110032362	0	0.113268608414239	0	0.0614886731391586	0	0.119741100323625	0	0.122977346278317	0	0.271844660194175	0	0	0	0	0.103559870550162	0.0809061488673139	0.00970873786407767	0.0614886731391586	0.12621359223301	0.0679611650485437	0.0614886731391586	0.0711974110032362	0.13915857605178	0.0647249190938511	0.113268608414239	0.100323624595469
"lsy-6"	"6mer-A1"	0.327655310621242	0.0831663326653307	0.0681362725450902	0	0.0891783567134268	0.0541082164328657	0.00901803607214429	0	0.0821643286573146	0.0541082164328657	0.0541082164328657	0	0.0541082164328657	0.0721442885771543	0.0521042084168337	0	0.152304609218437	0.0771543086172345	0.06312625250501	0.095190380761523	0.104208416833667	0.0450901803607214	0.00801603206412826	0.062124248496994	0.0541082164328657	0.0430861723446894	0.0400801603206413	0.0420841683366733	0.0701402805611222	0.0290581162324649	0.0601202404809619	0.0541082164328657
"lsy-6"	"6mer-m8"	0.162790697674419	0.0552325581395349	0.0784883720930233	0.0697674418604651	0.0406976744186047	0.0232558139534884	0.00581395348837209	0.0465116279069767	0.0930232558139535	0.0406976744186047	0.0290697674418605	0.0523255813953488	0.0784883720930233	0.0406976744186047	0.0755813953488372	0.107558139534884	0	0	0	0	0.104651162790698	0.061046511627907	0.0145348837209302	0.0726744186046512	0.113372093023256	0.0843023255813953	0.0697674418604651	0.0813953488372093	0.119186046511628	0.0290697674418605	0.119186046511628	0.130813953488372
"miR-7-23nt"	"8mer"	0.0806451612903226	0	0.112903225806452	0.0483870967741935	0.0645161290322581	0.032258064516129	0	0.209677419354839	0.0645161290322581	0.032258064516129	0.032258064516129	0.032258064516129	0.0483870967741935	0.0161290322580645	0.0967741935483871	0.129032258064516	0.032258064516129	0.0161290322580645	0.0483870967741935	0.0161290322580645	0.032258064516129	0.032258064516129	0	0.0967741935483871	0.193548387096774	0.112903225806452	0.112903225806452	0.0645161290322581	0.0161290322580645	0.0806451612903226	0.0806451612903226	0.0645161290322581
"miR-7-23nt"	"7mer-m8"	0.0670103092783505	0.0206185567010309	0.0309278350515464	0.0412371134020619	0.0824742268041237	0.0618556701030928	0.00515463917525773	0.262886597938144	0.0463917525773196	0.00515463917525773	0.0824742268041237	0.0876288659793814	0.0206185567010309	0.0309278350515464	0.0360824742268041	0.118556701030928	0	0	0	0	0.103092783505155	0.11340206185567	0.0257731958762887	0.164948453608247	0.0154639175257732	0.0257731958762887	0.0154639175257732	0.0103092783505155	0.0876288659793814	0.139175257731959	0.144329896907216	0.154639175257732
"miR-7-23nt"	"8mer-mmG7bG7"	0.0909090909090909	0.0454545454545455	0.0909090909090909	0	0.0909090909090909	0	0	0.136363636363636	0.0454545454545455	0	0.0909090909090909	0.227272727272727	0	0	0.181818181818182	0	0	0.0454545454545455	0.136363636363636	0	0.136363636363636	0.0454545454545455	0	0.0454545454545455	0.181818181818182	0.0909090909090909	0.181818181818182	0	0	0.0909090909090909	0.0454545454545455	0
"miR-7-23nt"	"7mer-m8bG7"	0.0363636363636364	0	0.0909090909090909	0.0181818181818182	0.218181818181818	0.0181818181818182	0.0363636363636364	0.218181818181818	0.0363636363636364	0	0.0727272727272727	0.0363636363636364	0.0363636363636364	0.0181818181818182	0.0909090909090909	0.0727272727272727	0.0181818181818182	0	0	0	0.181818181818182	0.127272727272727	0.0363636363636364	0.127272727272727	0.0181818181818182	0	0.0545454545454545	0.0181818181818182	0.0909090909090909	0.127272727272727	0.109090909090909	0.0909090909090909
"miR-7-23nt"	"7mer-m8bT(7.8)"	0.0192307692307692	0.0192307692307692	0.0576923076923077	0.0576923076923077	0.153846153846154	0.0192307692307692	0.0192307692307692	0.192307692307692	0.0769230769230769	0	0.0576923076923077	0.0576923076923077	0.0192307692307692	0	0.115384615384615	0.134615384615385	0	0	0	0	0.0769230769230769	0.134615384615385	0.0384615384615385	0.134615384615385	0.0192307692307692	0	0	0	0.0769230769230769	0.192307692307692	0.230769230769231	0.0961538461538462
"miR-7-23nt"	"7mer-m8bA8"	0	0	0.0454545454545455	0.0909090909090909	0.0454545454545455	0	0	0.0454545454545455	0.227272727272727	0	0.0454545454545455	0.181818181818182	0.0909090909090909	0.0454545454545455	0.0454545454545455	0.136363636363636	0.0454545454545455	0	0	0	0.227272727272727	0.227272727272727	0	0.0909090909090909	0	0	0	0	0.0454545454545455	0.0454545454545455	0.181818181818182	0.136363636363636
"miR-7-23nt"	"7mer-A1"	0.0627450980392157	0.0941176470588235	0	0.105882352941176	0.0941176470588235	0.156862745098039	0	0.0980392156862745	0	0.0549019607843137	0	0	0.0862745098039216	0.113725490196078	0	0.133333333333333	0.0823529411764706	0.0392156862745098	0.0509803921568627	0.0274509803921569	0.0509803921568627	0.0666666666666667	0.0196078431372549	0.0588235294117647	0.0901960784313725	0.0823529411764706	0.125490196078431	0.0549019607843137	0.0431372549019608	0.0549019607843137	0.0627450980392157	0.0901960784313725
"miR-7-23nt"	"7mer-m8mmC7bG7"	0	0	0.142857142857143	0	0	0.0476190476190476	0.0952380952380952	0.285714285714286	0.0476190476190476	0.0476190476190476	0.142857142857143	0.0476190476190476	0	0	0.0952380952380952	0.0476190476190476	0	0	0	0	0.0952380952380952	0	0	0.0952380952380952	0.0476190476190476	0	0	0	0.0476190476190476	0.0476190476190476	0.333333333333333	0.333333333333333
"miR-7-23nt"	"7mer-m8mmG7bG7"	0.0533333333333333	0	0.12	0.0533333333333333	0.146666666666667	0.04	0.0266666666666667	0.186666666666667	0.0266666666666667	0	0.0933333333333333	0.0533333333333333	0.04	0.0133333333333333	0.106666666666667	0.04	0	0	0	0	0.0933333333333333	0.133333333333333	0.0133333333333333	0.08	0.0133333333333333	0.0266666666666667	0.0266666666666667	0.0133333333333333	0.0533333333333333	0.146666666666667	0.28	0.12
"miR-7-23nt"	"7mer-m8mmA7bG7"	0.102564102564103	0	0.102564102564103	0	0.128205128205128	0.0256410256410256	0.0256410256410256	0.0769230769230769	0.102564102564103	0.0256410256410256	0.102564102564103	0.102564102564103	0.0512820512820513	0	0.102564102564103	0.0512820512820513	0	0	0	0	0.0512820512820513	0.153846153846154	0.128205128205128	0.153846153846154	0	0.0256410256410256	0	0	0	0.179487179487179	0.205128205128205	0.102564102564103
"miR-7-23nt"	"7mer-A1bG7"	0.0641025641025641	0.102564102564103	0	0.0128205128205128	0.0641025641025641	0.141025641025641	0	0.102564102564103	0.0641025641025641	0.141025641025641	0	0.0256410256410256	0.0512820512820513	0.0769230769230769	0	0.153846153846154	0.0512820512820513	0.0256410256410256	0.0641025641025641	0.0256410256410256	0.0256410256410256	0.0769230769230769	0.0128205128205128	0.102564102564103	0.0384615384615385	0.115384615384615	0.153846153846154	0.0256410256410256	0.0384615384615385	0.0641025641025641	0.102564102564103	0.0769230769230769
"miR-7-23nt"	"6mer-bG7"	0.040650406504065	0.0934959349593496	0	0.0365853658536585	0.0609756097560976	0.207317073170732	0	0.0772357723577236	0.0447154471544716	0.121951219512195	0	0.0528455284552846	0.0203252032520325	0.166666666666667	0	0.0772357723577236	0	0	0	0	0.142276422764228	0.126016260162602	0.0284552845528455	0.134146341463415	0.0121951219512195	0.0203252032520325	0.0203252032520325	0.0203252032520325	0.0569105691056911	0.113821138211382	0.191056910569106	0.134146341463415
"miR-7-23nt"	"6mer"	0.0269636576787808	0.0644783118405627	0	0.0621336459554514	0.0844079718640094	0.193434935521688	0	0.13599062133646	0	0.05978898007034	0	0	0.0293083235638921	0.164126611957796	0	0.17936694021102	0.00117233294255569	0	0	0	0.106682297772567	0.144196951934349	0.0246189917936694	0.146541617819461	0.00703399765533411	0.0105509964830012	0.0140679953106682	0.0175849941383353	0.0644783118405627	0.173505275498241	0.133645955451348	0.155920281359906
"miR-7-23nt"	"6mer-A1"	0.0783216783216783	0.0923076923076923	0.0811188811188811	0	0.103496503496503	0.156643356643357	0.0167832167832168	0	0.0531468531468531	0.114685314685315	0.0727272727272727	0	0.0559440559440559	0.174825174825175	0	0	0.0727272727272727	0.0251748251748252	0.0699300699300699	0.0237762237762238	0.0517482517482517	0.0853146853146853	0.0125874125874126	0.0559440559440559	0.0979020979020979	0.0909090909090909	0.106293706293706	0.0755244755244755	0.0265734265734266	0.0587412587412587	0.0699300699300699	0.0769230769230769
"miR-7-23nt"	"CCTCCGCA"	0	0.08	0.04	0	0.04	0.16	0	0.08	0.04	0.08	0.16	0.04	0.08	0.12	0.08	0	0	0	0	0	0.04	0.12	0	0.08	0.28	0.12	0.08	0.04	0	0.08	0.04	0.12
"miR-7-23nt"	"5mer-m2.6"	0.0423363386907095	0.0752646021168169	0.0635045080360643	0	0.0768326146609173	0.258330066640533	0.0192081536652293	0	0.0415523324186593	0.120344962759702	0.0670325362602901	0	0.0372402979223834	0.198353586828695	0	0	0.00117600940807526	0	0	0	0.114072912583301	0.164249313994512	0.0317522540180321	0.173657389259114	0.0066640533124265	0.0211681693453548	0.0199921599372795	0.00901607212857703	0.0525284202273618	0.120344962759702	0.159153273226186	0.126225009800078
"miR-7-23nt"	"6mer-m8"	0.0666666666666667	0.0111111111111111	0.062962962962963	0.0907407407407407	0.0981481481481482	0.0259259259259259	0.00925925925925926	0.153703703703704	0.0555555555555556	0.0222222222222222	0.0685185185185185	0.0925925925925926	0.0425925925925926	0.0203703703703704	0.0851851851851852	0.0944444444444444	0.0907407407407407	0.0962962962962963	0.146296296296296	0.101851851851852	0	0	0	0	0.0185185185185185	0.0185185185185185	0.0351851851851852	0.0203703703703704	0.0703703703703704	0.146296296296296	0.166666666666667	0.0888888888888889
